date,calls,puts,total,p_c_ratio
2006-11-24,561132,593574,1154706,1.06
2006-11-27,1571914,2003376,3575290,1.27
2006-11-28,1354590,1263784,2618374,0.93
2006-11-29,1857385,1250537,3107922,0.67
2006-11-30,1500118,1159950,2660068,0.77
2006-12-01,1499093,1366324,2865417,0.91
2006-12-04,1478450,1277799,2756249,0.86
2006-12-05,1485668,1129441,2615109,0.76
2006-12-06,1473185,1240695,2713880,0.84
2006-12-07,1542127,1375974,2918101,0.89
2006-12-08,1353050,1062727,2415777,0.79
2006-12-11,1450643,1047608,2498251,0.72
2006-12-12,1596455,1533346,3129801,0.96
2006-12-13,1631636,1426591,3058227,0.87
2006-12-14,2444953,1490941,3935894,0.61
2006-12-15,2271000,1669244,3940244,0.74
2006-12-18,1652162,1807227,3459389,1.09
2006-12-19,1536358,1477289,3013647,0.96
2006-12-20,1157975,982895,2140870,0.85
2006-12-21,1581942,1250630,2832572,0.79
2006-12-22,848222,937418,1785640,1.11
2006-12-26,761271,638977,1400248,0.84
2006-12-27,914755,777062,1691817,0.85
2006-12-28,931280,893310,1824590,0.96
2006-12-29,1050707,923895,1974602,0.88
2007-01-03,1660954,1444024,3104978,0.87
2007-01-04,1604704,1315635,2920339,0.82
2007-01-05,1579147,1417792,2996939,0.9
2007-01-08,1363540,1170294,2533834,0.86
2007-01-09,1648779,1301831,2950610,0.79
2007-01-10,1789372,1447992,3237364,0.81
2007-01-11,1999245,1429825,3429070,0.72
2007-01-12,1686235,1267849,2954084,0.75
2007-01-16,1828540,1623049,3451589,0.89
2007-01-17,1673854,1471531,3145385,0.88
2007-01-18,2004905,1807672,3812577,0.9
2007-01-19,2202162,1851869,4054031,0.84
2007-01-22,1678419,1623684,3302103,0.97
2007-01-23,1654066,1502618,3156684,0.91
2007-01-24,1537920,1306562,2844482,0.85
2007-01-25,1479982,1775020,3255002,1.2
2007-01-26,1327287,1305700,2632987,0.98
2007-01-29,1246829,1221091,2467920,0.98
2007-01-30,1188187,1111370,2299557,0.94
2007-01-31,1552672,1216853,2769525,0.78
2007-02-01,1450209,1218451,2668660,0.84
2007-02-02,1187680,1160948,2348628,0.98
2007-02-05,1132440,929741,2062181,0.82
2007-02-06,1303169,1110139,2413308,0.85
2007-02-07,1289276,1124059,2413335,0.87
2007-02-08,1436418,1226322,2662740,0.85
2007-02-09,1762293,1637746,3400039,0.93
2007-02-12,1378759,1628155,3006914,1.18
2007-02-13,1552494,1490951,3043445,0.96
2007-02-14,2100587,2018594,4119181,0.96
2007-02-15,2013070,1538575,3551645,0.76
2007-02-16,1829494,1538848,3368342,0.84
2007-02-20,1636438,1576325,3212763,0.96
2007-02-21,1380656,1552464,2933120,1.12
2007-02-22,1523695,1584067,3107762,1.04
2007-02-23,1211834,1667076,2878910,1.38
2007-02-26,1361830,1399071,2760901,1.03
2007-02-27,2508316,4213744,6722060,1.68
2007-02-28,2205307,2415829,4621136,1.1
2007-03-01,2072059,2897151,4969210,1.4
2007-03-02,1818811,2395656,4214467,1.32
2007-03-05,1933346,3198236,5131582,1.65
2007-03-06,1847766,2299925,4147691,1.24
2007-03-07,1591376,1881153,3472529,1.18
2007-03-08,1756579,1789698,3546277,1.02
2007-03-09,1479299,1711176,3190475,1.16
2007-03-12,1666046,1764909,3430955,1.06
2007-03-13,2012801,2863876,4876677,1.42
2007-03-14,2360028,3791786,6151814,1.61
2007-03-15,2089320,2393305,4482625,1.15
2007-03-16,1764720,2174022,3938742,1.23
2007-03-19,1866280,1502930,3369210,0.81
2007-03-20,1649710,1560053,3209763,0.95
2007-03-21,2110135,2378756,4488891,1.13
2007-03-22,1839774,1715206,3554980,0.93
2007-03-23,1308608,1211766,2520374,0.93
2007-03-26,1287644,1282157,2569801,1.0
2007-03-27,1225513,1208377,2433890,0.99
2007-03-28,1443769,1956363,3400132,1.36
2007-03-29,1308741,1538534,2847275,1.18
2007-03-30,1369882,1646570,3016452,1.2
2007-04-02,1275224,1073586,2348810,0.84
2007-04-03,1480516,1669716,3150232,1.13
2007-04-04,1207446,1262994,2470440,1.05
2007-04-05,1687885,1289652,2977537,0.76
2007-04-09,1394666,1092867,2487533,0.78
2007-04-10,1304539,1489790,2794329,1.14
2007-04-11,1561224,1557652,3118876,1.0
2007-04-12,1491336,1538615,3029951,1.03
2007-04-13,1515785,1456641,2972426,0.96
2007-04-16,2302495,1937839,4240334,0.84
2007-04-17,2107264,1899187,4006451,0.9
2007-04-18,2228220,1806247,4034467,0.81
2007-04-19,2308528,2141962,4450490,0.93
2007-04-20,2610471,1958980,4569451,0.75
2007-04-23,1904395,1731520,3635915,0.91
2007-04-24,1665248,2010558,3675806,1.21
2007-04-25,2110701,1723415,3834116,0.82
2007-04-26,2218234,1840148,4058382,0.83
2007-04-27,1582657,1591292,3173949,1.01
2007-04-30,1726423,1677966,3404389,0.97
2007-05-01,1601286,1840952,3442238,1.15
2007-05-02,1777988,1447678,3225666,0.81
2007-05-03,1668569,1483835,3152404,0.89
2007-05-04,1978695,1654772,3633467,0.84
2007-05-07,1768608,1245060,3013668,0.7
2007-05-08,1631285,1626606,3257891,1.0
2007-05-09,2275839,1685248,3961087,0.74
2007-05-10,1734204,1916163,3650367,1.1
2007-05-11,1650683,1563338,3214021,0.95
2007-05-14,2122927,1868575,3991502,0.88
2007-05-15,2129921,1962674,4092595,0.92
2007-05-16,2111979,2171041,4283020,1.03
2007-05-17,2256771,1744203,4000974,0.77
2007-05-18,2307626,2262705,4570331,0.98
2007-05-21,2032923,1936799,3969722,0.95
2007-05-22,1682733,2026856,3709589,1.2
2007-05-23,1761595,1747906,3509501,0.99
2007-05-24,1656461,1894170,3550631,1.14
2007-05-25,1207772,1249874,2457646,1.03
2007-05-29,1190351,1081372,2271723,0.91
2007-05-30,1580986,1462017,3043003,0.92
2007-05-31,1873031,1743700,3616731,0.93
2007-06-01,1599149,1426097,3025246,0.89
2007-06-04,1413817,1271975,2685792,0.9
2007-06-05,2021287,1986997,4008284,0.98
2007-06-06,1802120,2017781,3819901,1.12
2007-06-07,2207154,2743070,4950224,1.24
2007-06-08,1799500,2034080,3833580,1.13
2007-06-11,1649814,1785555,3435369,1.08
2007-06-12,2127683,2314279,4441962,1.09
2007-06-13,1935238,1870786,3806024,0.97
2007-06-14,2434800,1931739,4366539,0.79
2007-06-15,2374754,2453341,4828095,1.03
2007-06-18,1569057,1453013,3022070,0.93
2007-06-19,1495023,1312911,2807934,0.88
2007-06-20,1720030,1817564,3537594,1.06
2007-06-21,1526863,1501684,3028547,0.98
2007-06-22,1481114,1523771,3004885,1.03
2007-06-25,1328720,1515516,2844236,1.14
2007-06-26,1383891,1560031,2943922,1.13
2007-06-27,2111727,1784387,3896114,0.84
2007-06-28,1495587,1325286,2820873,0.89
2007-06-29,1608390,1649983,3258373,1.03
2007-07-02,1226268,1045963,2272231,0.85
2007-07-03,967089,900204,1867293,0.93
2007-07-05,1361094,1214916,2576010,0.89
2007-07-06,1407539,1219442,2626981,0.87
2007-07-09,1449434,1161908,2611342,0.8
2007-07-10,1867818,1875284,3743102,1.0
2007-07-11,1877758,1678505,3556263,0.89
2007-07-12,2479170,1898573,4377743,0.77
2007-07-13,2050640,1914384,3965024,0.93
2007-07-16,1980160,1647187,3627347,0.83
2007-07-17,2048486,1890052,3938538,0.92
2007-07-18,2257450,2477106,4734556,1.1
2007-07-19,2720952,2183025,4903977,0.8
2007-07-20,2840614,3467362,6307976,1.22
2007-07-23,1902662,1550012,3452674,0.81
2007-07-24,2076273,3046589,5122862,1.47
2007-07-25,2252775,2375778,4628553,1.05
2007-07-26,2758587,4192524,6951111,1.52
2007-07-27,2240328,3148306,5388634,1.41
2007-07-30,2371270,2746403,5117673,1.16
2007-07-31,2400553,3038430,5438983,1.27
2007-08-01,2360170,3188330,5548500,1.35
2007-08-02,2075042,2285792,4360834,1.1
2007-08-03,2088338,3017608,5105946,1.44
2007-08-06,2467163,3167555,5634718,1.28
2007-08-07,2418983,2552720,4971703,1.06
2007-08-08,2896492,2914587,5811079,1.01
2007-08-09,2496152,2813961,5310113,1.13
2007-08-10,2904177,3235014,6139191,1.11
2007-08-13,2186225,2224310,4410535,1.02
2007-08-14,2020656,2826767,4847423,1.4
2007-08-15,2364789,3514506,5879295,1.49
2007-08-16,3691488,5553244,9244732,1.5
2007-08-17,3090275,3826832,6917107,1.24
2007-08-20,1879991,1706655,3586646,0.91
2007-08-21,1851935,1675379,3527314,0.9
2007-08-22,1853957,2027300,3881257,1.09
2007-08-23,1493203,1710726,3203929,1.15
2007-08-24,1457568,1547173,3004741,1.06
2007-08-27,1276699,1270368,2547067,1.0
2007-08-28,1573088,2031713,3604801,1.29
2007-08-29,1509961,1445889,2955850,0.96
2007-08-30,1329158,1235745,2564903,0.93
2007-08-31,1212841,1281216,2494057,1.06
2007-09-04,1662773,1775664,3438437,1.07
2007-09-05,1615736,1815760,3431496,1.12
2007-09-06,1351329,1184533,2535862,0.88
2007-09-07,1568479,1857758,3426237,1.18
2007-09-10,1409855,1619725,3029580,1.15
2007-09-11,1478336,1563400,3041736,1.06
2007-09-12,1591179,1378521,2969700,0.87
2007-09-13,1477546,1523092,3000638,1.03
2007-09-14,1325023,1450942,2775965,1.1
2007-09-17,1549928,1592918,3142846,1.03
2007-09-18,2473391,2556659,5030050,1.03
2007-09-19,2973604,2858688,5832292,0.96
2007-09-20,2438279,2471582,4909861,1.01
2007-09-21,2386971,2028640,4415611,0.85
2007-09-24,1959485,1639492,3598977,0.84
2007-09-25,1562090,1768803,3330893,1.13
2007-09-26,1847762,1603907,3451669,0.87
2007-09-27,1518767,1293724,2812491,0.85
2007-09-28,1451701,1596917,3048618,1.1
2007-10-01,1733927,1527582,3261509,0.88
2007-10-02,1715630,1692175,3407805,0.99
2007-10-03,1483727,1221845,2705572,0.82
2007-10-04,1734341,1254195,2988536,0.72
2007-10-05,1899053,1483412,3382465,0.78
2007-10-08,1281945,1045352,2327297,0.82
2007-10-09,1913872,1549053,3462925,0.81
2007-10-10,1814479,1605987,3420466,0.89
2007-10-11,2594140,2345297,4939437,0.9
2007-10-12,2124666,1649421,3774087,0.78
2007-10-15,2209135,1760603,3969738,0.8
2007-10-16,2124954,2033318,4158272,0.96
2007-10-17,2708960,2560971,5269931,0.95
2007-10-18,2673859,2064460,4738319,0.77
2007-10-19,2902135,3360042,6262177,1.16
2007-10-22,2051796,2068175,4119971,1.01
2007-10-23,1996534,1918568,3915102,0.96
2007-10-24,2187512,2153667,4341179,0.98
2007-10-25,1729799,1884352,3614151,1.09
2007-10-26,2190850,1801878,3992728,0.82
2007-10-29,1735122,1588615,3323737,0.92
2007-10-30,1587893,1848007,3435900,1.16
2007-10-31,2363853,1825071,4188924,0.77
2007-11-01,2297684,2212177,4509861,0.96
2007-11-02,2146378,2442717,4589095,1.14
2007-11-05,2081169,2137448,4218617,1.03
2007-11-06,2400945,2360584,4761529,0.98
2007-11-07,2457307,2594877,5052184,1.06
2007-11-08,3264406,3986145,7250551,1.22
2007-11-09,2523811,2724456,5248267,1.08
2007-11-12,3087439,2851859,5939298,0.92
2007-11-13,2752242,3288060,6040302,1.19
2007-11-14,2498042,2275981,4774023,0.91
2007-11-15,2317468,3025645,5343113,1.31
2007-11-16,2392211,3027449,5419660,1.27
2007-11-19,1922033,2140068,4062101,1.11
2007-11-20,2321395,2592069,4913464,1.12
2007-11-21,1977466,2427132,4404598,1.23
2007-11-23,795687,706815,1502502,0.89
2007-11-26,1732807,1694788,3427595,0.98
2007-11-27,2520519,2069101,4589620,0.82
2007-11-28,2334390,2095454,4429844,0.9
2007-11-29,1551099,1376463,2927562,0.89
2007-11-30,1818871,1936788,3755659,1.06
2007-12-03,1264675,1049542,2314217,0.83
2007-12-04,1450033,1562495,3012528,1.08
2007-12-05,1644664,1465795,3110459,0.89
2007-12-06,1848774,1634921,3483695,0.88
2007-12-07,1550360,1532965,3083325,0.99
2007-12-10,1683617,1623076,3306693,0.96
2007-12-11,2242063,2468697,4710760,1.1
2007-12-12,2044421,2016508,4060929,0.99
2007-12-13,1778520,1882324,3660844,1.06
2007-12-14,1591550,1685050,3276600,1.06
2007-12-17,2025168,2255837,4281005,1.11
2007-12-18,2411238,2512238,4923476,1.04
2007-12-19,2052220,2339611,4391831,1.14
2007-12-20,3552303,2413979,5966282,0.68
2007-12-21,4053216,2383960,6437176,0.59
2007-12-24,1013523,906263,1919786,0.89
2007-12-26,1399332,1253953,2653285,0.9
2007-12-27,1338823,1310913,2649736,0.98
2007-12-28,1267041,1225127,2492168,0.97
2007-12-31,1270401,1328315,2598716,1.05
2008-01-02,1761010,2041037,3802047,1.16
2008-01-03,1851093,1867378,3718471,1.01
2008-01-04,2952136,3092837,6044973,1.05
2008-01-07,2136175,2212817,4348992,1.04
2008-01-08,2284272,3359739,5644011,1.47
2008-01-09,2896332,3324989,6221321,1.15
2008-01-10,2632780,2557770,5190550,0.97
2008-01-11,2414054,2237896,4651950,0.93
2008-01-14,2233276,2115486,4348762,0.95
2008-01-15,2581502,3226813,5808315,1.25
2008-01-16,3236710,3866053,7102763,1.19
2008-01-17,3083251,4634596,7717847,1.5
2008-01-18,3008991,4035964,7044955,1.34
2008-01-22,2704708,3191597,5896305,1.18
2008-01-23,3377162,3821662,7198824,1.13
2008-01-24,2785515,2459444,5244959,0.88
2008-01-25,2182988,2310709,4493697,1.06
2008-01-28,1783623,1640707,3424330,0.92
2008-01-29,1989846,1799552,3789398,0.9
2008-01-30,2520702,2050033,4570735,0.81
2008-01-31,2328210,2239673,4567883,0.96
2008-02-01,2674724,2161350,4836074,0.81
2008-02-04,1721043,1624499,3345542,0.94
2008-02-05,1942645,2230010,4172655,1.15
2008-02-06,1830066,1945822,3775888,1.06
2008-02-07,2271611,2543076,4814687,1.12
2008-02-08,1753631,1979157,3732788,1.13
2008-02-11,1946600,1867187,3813787,0.96
2008-02-12,2431888,2758945,5190833,1.13
2008-02-13,2048760,1993162,4041922,0.97
2008-02-14,2202114,2214076,4416190,1.01
2008-02-15,2084809,2395698,4480507,1.15
2008-02-19,1937409,1955385,3892794,1.01
2008-02-20,1819543,1548141,3367684,0.85
2008-02-21,1637538,1574931,3212469,0.96
2008-02-22,1629710,1869833,3499543,1.15
2008-02-25,1657605,1535329,3192934,0.93
2008-02-26,1992955,2122609,4115564,1.07
2008-02-27,1579681,1722851,3302532,1.09
2008-02-28,1486156,1837496,3323652,1.24
2008-02-29,1837915,2360633,4198548,1.28
2008-03-03,1617613,1991760,3609373,1.23
2008-03-04,2055038,2433553,4488591,1.18
2008-03-05,1727185,1964830,3692015,1.14
2008-03-06,1850918,2358928,4209846,1.27
2008-03-07,2200544,2721965,4922509,1.24
2008-03-10,1902690,2829862,4732552,1.49
2008-03-11,2497931,2773999,5271930,1.11
2008-03-12,2013286,2232648,4245934,1.11
2008-03-13,2311685,2790771,5102456,1.21
2008-03-14,2507256,3548106,6055362,1.42
2008-03-17,2705098,4020737,6725835,1.49
2008-03-18,3055336,3043975,6099311,1.0
2008-03-19,2958353,3568820,6527173,1.21
2008-03-20,2811836,3115757,5927593,1.11
2008-03-24,2564163,2094661,4658824,0.82
2008-03-25,1902462,1827834,3730296,0.96
2008-03-26,1915178,1971090,3886268,1.03
2008-03-27,1599471,1818867,3418338,1.14
2008-03-28,1294049,1519775,2813824,1.17
2008-03-31,1406172,1429392,2835564,1.02
2008-04-01,2521623,2262519,4784142,0.9
2008-04-02,1962400,2068129,4030529,1.05
2008-04-03,1561283,1632757,3194040,1.05
2008-04-04,1771288,2099602,3870890,1.19
2008-04-07,1945007,1888625,3833632,0.97
2008-04-08,1384919,1564718,2949637,1.13
2008-04-09,1645672,1908785,3554457,1.16
2008-04-10,1770675,1736479,3507154,0.98
2008-04-11,1916268,2469232,4385500,1.29
2008-04-14,1793297,1822824,3616121,1.02
2008-04-15,1849215,1961981,3811196,1.06
2008-04-16,2710201,2491670,5201871,0.92
2008-04-17,2415940,2237600,4653540,0.93
2008-04-18,3324355,2739534,6063889,0.82
2008-04-21,1927847,1818869,3746716,0.94
2008-04-22,1958692,2092229,4050921,1.07
2008-04-23,1760748,1667779,3428527,0.95
2008-04-24,2254922,2024959,4279881,0.9
2008-04-25,1831331,1658157,3489488,0.91
2008-04-28,1537678,1482043,3019721,0.96
2008-04-29,1579094,1699474,3278568,1.08
2008-04-30,1867904,1710990,3578894,0.92
2008-05-01,2345523,2184145,4529668,0.93
2008-05-02,2236089,2004240,4240329,0.9
2008-05-05,1960506,1746560,3707066,0.89
2008-05-06,2461942,2014182,4476124,0.82
2008-05-07,2288210,2343893,4632103,1.02
2008-05-08,1897836,1681147,3578983,0.89
2008-05-09,1868316,1727192,3595508,0.92
2008-05-12,2125108,1836776,3961884,0.86
2008-05-13,2381602,1872225,4253827,0.79
2008-05-14,2810896,2253578,5064474,0.8
2008-05-15,2695270,2080746,4776016,0.77
2008-05-16,2806011,2406326,5212337,0.86
2008-05-19,2429897,2077129,4507026,0.85
2008-05-20,1992388,2161548,4153936,1.08
2008-05-21,2153622,2543592,4697214,1.18
2008-05-22,1768229,1708172,3476401,0.97
2008-05-23,1887208,1977541,3864749,1.05
2008-05-27,1535347,1443538,2978885,0.94
2008-05-28,1720915,1401826,3122741,0.81
2008-05-29,2111308,1800634,3911942,0.85
2008-05-30,1567110,1308652,2875762,0.84
2008-06-02,1800527,1933125,3733652,1.07
2008-06-03,1942397,2256075,4198472,1.16
2008-06-04,1848081,1994928,3843009,1.08
2008-06-05,2293513,2232171,4525684,0.97
2008-06-06,2712935,3081066,5794001,1.14
2008-06-09,2718434,2585836,5304270,0.95
2008-06-10,2298118,2207915,4506033,0.96
2008-06-11,2486521,2824407,5310928,1.14
2008-06-12,2591157,2502503,5093660,0.97
2008-06-13,2511439,2281325,4792764,0.91
2008-06-16,2353202,2193751,4546953,0.93
2008-06-17,2091202,2078539,4169741,0.99
2008-06-18,2610486,2911208,5521694,1.12
2008-06-19,3120254,3074235,6194489,0.99
2008-06-20,2890319,3826049,6716368,1.32
2008-06-23,2358522,2042193,4400715,0.87
2008-06-24,2147469,2128546,4276015,0.99
2008-06-25,2514038,2156044,4670082,0.86
2008-06-26,2721503,3131671,5853174,1.15
2008-06-27,2364255,2672009,5036264,1.13
2008-06-30,2301144,2512749,4813893,1.09
2008-07-01,2949722,3008117,5957839,1.02
2008-07-02,2695093,2921430,5616523,1.08
2008-07-03,1694969,2040615,3735584,1.2
2008-07-07,2664358,3211867,5876225,1.21
2008-07-08,3100310,3154467,6254777,1.02
2008-07-09,2564370,2581773,5146143,1.01
2008-07-10,2830282,2988158,5818440,1.06
2008-07-11,3476798,3991267,7468065,1.15
2008-07-14,2806697,3249248,6055945,1.16
2008-07-15,3876457,4478235,8354692,1.16
2008-07-16,3821441,3536911,7358352,0.93
2008-07-17,4502726,3891731,8394457,0.86
2008-07-18,3214833,2976951,6191784,0.93
2008-07-21,2459621,2159101,4618722,0.88
2008-07-22,2892322,2626525,5518847,0.91
2008-07-23,3440373,3091726,6532099,0.9
2008-07-24,2590221,2722515,5312736,1.05
2008-07-25,2051072,1739685,3790757,0.85
2008-07-28,1844686,1964466,3809152,1.06
2008-07-29,2481409,2121839,4603248,0.86
2008-07-30,2742855,2392443,5135298,0.87
2008-07-31,2362064,2244958,4607022,0.95
2008-08-01,2627961,2613905,5241866,0.99
2008-08-04,2018736,1965156,3983892,0.97
2008-08-05,2861386,2189789,5051175,0.77
2008-08-06,2445915,2310872,4756787,0.94
2008-08-07,2118861,2225345,4344206,1.05
2008-08-08,2566387,2391128,4957515,0.93
2008-08-11,3101556,2682444,5784000,0.86
2008-08-12,2573054,2732340,5305394,1.06
2008-08-13,2762753,2821222,5583975,1.02
2008-08-14,3006765,2607299,5614064,0.87
2008-08-15,2623564,2623264,5246828,1.0
2008-08-18,2022529,2153019,4175548,1.06
2008-08-19,1989968,2251044,4241012,1.13
2008-08-20,1859859,1783853,3643712,0.96
2008-08-21,1729192,1683101,3412293,0.97
2008-08-22,1528336,1318973,2847309,0.86
2008-08-25,1265610,1418681,2684291,1.12
2008-08-26,1344845,1310943,2655788,0.97
2008-08-27,1499253,1233346,2732599,0.82
2008-08-28,1894078,1560953,3455031,0.82
2008-08-29,1387600,1388641,2776241,1.0
2008-09-02,1979228,1909452,3888680,0.96
2008-09-03,2427885,2077482,4505367,0.86
2008-09-04,2900352,3047238,5947590,1.05
2008-09-05,2743080,2769589,5512669,1.01
2008-09-08,3112892,2787325,5900217,0.9
2008-09-09,2949829,3308363,6258192,1.12
2008-09-10,2554667,2807178,5361845,1.1
2008-09-11,3291459,3304254,6595713,1.0
2008-09-12,3082357,3113441,6195798,1.01
2008-09-15,2743055,3991202,6734257,1.46
2008-09-16,3718898,4810450,8529348,1.29
2008-09-17,4103422,5642200,9745622,1.37
2008-09-18,4577074,5398390,9975464,1.18
2008-09-19,4483271,3723803,8207074,0.83
2008-09-22,2398106,2327561,4725667,0.97
2008-09-23,2398300,2489929,4888229,1.04
2008-09-24,1948692,2070009,4018701,1.06
2008-09-25,2622858,2087392,4710250,0.8
2008-09-26,2123440,2162530,4285970,1.02
2008-09-29,2442442,3309833,5752275,1.36
2008-09-30,2360068,3064543,5424611,1.3
2008-10-01,2291411,2264724,4556135,0.99
2008-10-02,2433667,3320441,5754108,1.36
2008-10-03,2835945,3129571,5965516,1.1
2008-10-06,3784653,5742368,9527021,1.52
2008-10-07,3263448,3618143,6881591,1.11
2008-10-08,3458159,4101491,7559650,1.19
2008-10-09,3032396,4107450,7139846,1.35
2008-10-10,4090951,5018856,9109807,1.23
2008-10-13,3398375,3007880,6406255,0.89
2008-10-14,3388130,2958225,6346355,0.87
2008-10-15,3053829,3459021,6512850,1.13
2008-10-16,3683501,4247994,7931495,1.15
2008-10-17,3164518,3073424,6237942,0.97
2008-10-20,2240011,1827548,4067559,0.82
2008-10-21,2168188,1921811,4089999,0.89
2008-10-22,2374234,2861190,5235424,1.21
2008-10-23,2496969,3069614,5566583,1.23
2008-10-24,2036118,2517857,4553975,1.24
2008-10-27,1634275,1915973,3550248,1.17
2008-10-28,2402217,2417058,4819275,1.01
2008-10-29,2550143,2009236,4559379,0.79
2008-10-30,2145457,1710834,3856291,0.8
2008-10-31,2053251,1962401,4015652,0.96
2008-11-03,1682443,1613489,3295932,0.96
2008-11-04,2452414,2438200,4890614,0.99
2008-11-05,2313563,2167712,4481275,0.94
2008-11-06,2077251,2766781,4844032,1.33
2008-11-07,1645592,1551563,3197155,0.94
2008-11-10,1509054,1677989,3187043,1.11
2008-11-11,1788051,2090272,3878323,1.17
2008-11-12,2191785,2581426,4773211,1.18
2008-11-13,3234382,3210271,6444653,0.99
2008-11-14,2164859,2198746,4363605,1.02
2008-11-17,2048143,1921448,3969591,0.94
2008-11-18,2435487,2638209,5073696,1.08
2008-11-19,2622615,3643142,6265757,1.39
2008-11-20,3128190,4141438,7269628,1.32
2008-11-21,3401716,3829507,7231223,1.13
2008-11-24,2796665,2061654,4858319,0.74
2008-11-25,1965543,1542855,3508398,0.78
2008-11-26,2088822,1560361,3649183,0.75
2008-11-28,821156,722114,1543270,0.88
2008-12-01,1744149,1741802,3485951,1.0
2008-12-02,1737031,1627537,3364568,0.94
2008-12-03,1750628,1813424,3564052,1.04
2008-12-04,1806699,1696860,3503559,0.94
2008-12-05,2090858,1921369,4012227,0.92
2008-12-08,2542305,2186071,4728376,0.86
2008-12-09,2152184,1812736,3964920,0.84
2008-12-10,1917544,1808582,3726126,0.94
2008-12-11,2154813,2104443,4259256,0.98
2008-12-12,1796308,1867422,3663730,1.04
2008-12-15,1531844,1615439,3147283,1.05
2008-12-16,2553427,2304907,4858334,0.9
2008-12-17,2504374,2099560,4603934,0.84
2008-12-18,2343023,2098233,4441256,0.9
2008-12-19,2136833,1747635,3884468,0.82
2008-12-22,1400304,1142571,2542875,0.82
2008-12-23,1286756,910499,2197255,0.71
2008-12-24,443244,358654,801898,0.81
2008-12-26,616089,487505,1103594,0.79
2008-12-29,1141997,1070815,2212812,0.94
2008-12-30,1228168,1011724,2239892,0.82
2008-12-31,1390116,1117527,2507643,0.8
2009-01-02,1668784,1576585,3245369,0.94
2009-01-05,2003815,1666002,3669817,0.83
2009-01-06,2399854,1930082,4329936,0.8
2009-01-07,1826112,2067317,3893429,1.13
2009-01-08,1683364,1806532,3489896,1.07
2009-01-09,1824514,1882082,3706596,1.03
2009-01-12,1944020,2262880,4206900,1.16
2009-01-13,2279475,2052421,4331896,0.9
2009-01-14,2468599,2780230,5248829,1.13
2009-01-15,3068625,3610729,6679354,1.18
2009-01-16,2720650,2609065,5329715,0.96
2009-01-20,2435819,2348029,4783848,0.96
2009-01-21,2266169,2110196,4376365,0.93
2009-01-22,2201974,1914993,4116967,0.87
2009-01-23,2331321,1797098,4128419,0.77
2009-01-26,1944354,1513514,3457868,0.78
2009-01-27,1710354,1333508,3043862,0.78
2009-01-28,2560899,1925713,4486612,0.75
2009-01-29,1757671,1684606,3442277,0.96
2009-01-30,1772301,1804114,3576415,1.02
2009-02-02,1817648,1481186,3298834,0.81
2009-02-03,2018047,1635742,3653789,0.81
2009-02-04,1994103,1783014,3777117,0.89
2009-02-05,2454024,1831686,4285710,0.75
2009-02-06,2852962,2030351,4883313,0.71
2009-02-09,2125455,1405640,3531095,0.66
2009-02-10,2533351,2233808,4767159,0.88
2009-02-11,1789945,1650629,3440574,0.92
2009-02-12,2160130,1949976,4110106,0.9
2009-02-13,1685252,1497172,3182424,0.89
2009-02-17,2301541,2381292,4682833,1.03
2009-02-18,2241154,2647688,4888842,1.18
2009-02-19,2357336,2694873,5052209,1.14
2009-02-20,3266028,3479655,6745683,1.07
2009-02-23,2272600,2158643,4431243,0.95
2009-02-24,2391588,1877153,4268741,0.78
2009-02-25,2161738,1830474,3992212,0.85
2009-02-26,2068113,1428350,3496463,0.69
2009-02-27,2118425,2063477,4181902,0.97
2009-03-02,2509720,2682963,5192683,1.07
2009-03-03,2248283,2143416,4391699,0.95
2009-03-04,2497924,2394782,4892706,0.96
2009-03-05,2599736,2642986,5242722,1.02
2009-03-06,2728019,2391141,5119160,0.88
2009-03-09,2450255,1799334,4249589,0.73
2009-03-10,3067719,2214995,5282714,0.72
2009-03-11,2543301,1913988,4457289,0.75
2009-03-12,3150472,2219142,5369614,0.7
2009-03-13,2526750,1802179,4328929,0.71
2009-03-16,3162756,2502114,5664870,0.79
2009-03-17,3077187,2414592,5491779,0.78
2009-03-18,4501059,2899316,7400375,0.64
2009-03-19,3718130,2861375,6579505,0.77
2009-03-20,3062168,2763966,5826134,0.9
2009-03-23,3384769,2380030,5764799,0.7
2009-03-24,2487713,1886945,4374658,0.76
2009-03-25,2319595,1982077,4301672,0.85
2009-03-26,2229918,2039579,4269497,0.91
2009-03-27,1698678,1552179,3250857,0.91
2009-03-30,1878329,2101833,3980162,1.12
2009-03-31,1902548,1554798,3457346,0.82
2009-04-01,2056988,1860170,3917158,0.9
2009-04-02,3536205,2445102,5981307,0.69
2009-04-03,2333927,1925279,4259206,0.82
2009-04-06,1907727,1809174,3716901,0.95
2009-04-07,2067302,1978996,4046298,0.96
2009-04-08,1978165,1682554,3660719,0.85
2009-04-09,3387640,2699577,6087217,0.8
2009-04-13,3338169,2251176,5589345,0.67
2009-04-14,3525906,2699257,6225163,0.77
2009-04-15,2888461,2668629,5557090,0.92
2009-04-16,3806716,2860448,6667164,0.75
2009-04-17,4077768,2926524,7004292,0.72
2009-04-20,3045306,2800273,5845579,0.92
2009-04-21,2673809,2239573,4913382,0.84
2009-04-22,2852179,2218121,5070300,0.78
2009-04-23,2198216,1985409,4183625,0.9
2009-04-24,2598304,2189680,4787984,0.84
2009-04-27,2454165,1991372,4445537,0.81
2009-04-28,2050615,1830452,3881067,0.89
2009-04-29,2466675,1922184,4388859,0.78
2009-04-30,2541955,2400541,4942496,0.94
2009-05-01,1991394,1684121,3675515,0.85
2009-05-04,2886015,2159551,5045566,0.75
2009-05-05,2781652,1961162,4742814,0.71
2009-05-06,3808852,2948244,6757096,0.77
2009-05-07,3896629,3179303,7075932,0.82
2009-05-08,3394087,2962981,6357068,0.87
2009-05-11,2684679,2296183,4980862,0.86
2009-05-12,3037904,2607590,5645494,0.86
2009-05-13,3244626,2818431,6063057,0.87
2009-05-14,3178070,2758207,5936277,0.87
2009-05-15,2933034,2358335,5291369,0.8
2009-05-18,2418082,1873488,4291570,0.77
2009-05-19,2424990,1976198,4401188,0.81
2009-05-20,2897598,2473777,5371375,0.85
2009-05-21,2378198,2314980,4693178,0.97
2009-05-22,1756642,1411852,3168494,0.8
2009-05-26,2156359,1555614,3711973,0.72
2009-05-27,2210531,1893056,4103587,0.86
2009-05-28,2349561,1777183,4126744,0.76
2009-05-29,2105719,1625749,3731468,0.77
2009-06-01,3196528,2471870,5668398,0.77
2009-06-02,2296574,1934529,4231103,0.84
2009-06-03,2073014,1989986,4063000,0.96
2009-06-04,2055121,1809300,3864421,0.88
2009-06-05,2199198,1780618,3979816,0.81
2009-06-08,1781880,1660838,3442718,0.93
2009-06-09,2002996,1735983,3738979,0.87
2009-06-10,2294098,2002429,4296527,0.87
2009-06-11,2666316,2045102,4711418,0.77
2009-06-12,2162490,1880011,4042501,0.87
2009-06-15,2622871,2124700,4747571,0.81
2009-06-16,2495648,2521118,5016766,1.01
2009-06-17,2701902,3083463,5785365,1.14
2009-06-18,2553488,2375896,4929384,0.93
2009-06-19,3039973,2611502,5651475,0.86
2009-06-22,2198069,2065150,4263219,0.94
2009-06-23,1895438,1891697,3787135,1.0
2009-06-24,1859704,1591977,3451681,0.86
2009-06-25,1911669,1727314,3638983,0.9
2009-06-26,1587649,1308645,2896294,0.82
2009-06-29,1593878,1246053,2839931,0.78
2009-06-30,1686366,1803072,3489438,1.07
2009-07-01,1707915,1362835,3070750,0.8
2009-07-02,1688622,1786968,3475590,1.06
2009-07-06,1834610,1596389,3430999,0.87
2009-07-07,1946056,1973589,3919645,1.01
2009-07-08,2477391,2565264,5042655,1.04
2009-07-09,1678061,1787922,3465983,1.07
2009-07-10,1716943,1829114,3546057,1.07
2009-07-13,2436796,2021000,4457796,0.83
2009-07-14,2181314,1822082,4003396,0.84
2009-07-15,3777205,2897334,6674539,0.77
2009-07-16,3327790,2486844,5814634,0.75
2009-07-17,3397086,2493914,5891000,0.73
2009-07-20,2859268,1999988,4859256,0.7
2009-07-21,2094762,1671262,3766024,0.8
2009-07-22,2070802,2039485,4110287,0.98
2009-07-23,3002372,2645441,5647813,0.88
2009-07-24,1905395,1774286,3679681,0.93
2009-07-27,1857015,1466418,3323433,0.79
2009-07-28,2193751,1785367,3979118,0.81
2009-07-29,2129121,1966380,4095501,0.92
2009-07-30,3236282,2164078,5400360,0.67
2009-07-31,1873353,1578645,3451998,0.84
2009-08-03,2383429,1818409,4201838,0.76
2009-08-04,2304069,1860492,4164561,0.81
2009-08-05,2754254,2026114,4780368,0.74
2009-08-06,2341724,2126333,4468057,0.91
2009-08-07,3065672,2223701,5289373,0.73
2009-08-10,1968109,1487374,3455483,0.76
2009-08-11,2407053,1857952,4265005,0.77
2009-08-12,2248344,2079587,4327931,0.92
2009-08-13,2385440,1852313,4237753,0.78
2009-08-14,2110010,2006039,4116049,0.95
2009-08-17,2376347,2354694,4731041,0.99
2009-08-18,2200262,2042061,4242323,0.93
2009-08-19,2521133,2436330,4957463,0.97
2009-08-20,3016989,2153151,5170140,0.71
2009-08-21,3752903,2228502,5981405,0.59
2009-08-24,2685593,1954811,4640404,0.73
2009-08-25,2255185,1821032,4076217,0.81
2009-08-26,1742900,1819022,3561922,1.04
2009-08-27,2417333,1960185,4377518,0.81
2009-08-28,2476607,1886719,4363326,0.76
2009-08-31,1843940,1639192,3483132,0.89
2009-09-01,3024768,2813951,5838719,0.93
2009-09-02,2409683,2209621,4619304,0.92
2009-09-03,2148948,1996019,4144967,0.93
2009-09-04,1947920,1729961,3677881,0.89
2009-09-08,2301611,1825341,4126952,0.79
2009-09-09,2688480,2301684,4990164,0.86
2009-09-10,2472863,2235336,4708199,0.9
2009-09-11,2695840,2360414,5056254,0.88
2009-09-14,2456070,1968754,4424824,0.8
2009-09-15,3188689,2422023,5610712,0.76
2009-09-16,4365406,2898572,7263978,0.66
2009-09-17,4037949,3154884,7192833,0.78
2009-09-18,2908019,2497405,5405424,0.86
2009-09-21,2295871,1707767,4003638,0.74
2009-09-22,2244886,1705358,3950244,0.76
2009-09-23,2766176,2455522,5221698,0.89
2009-09-24,2309602,2287677,4597279,0.99
2009-09-25,1987671,1915464,3903135,0.96
2009-09-28,1302490,1301181,2603671,1.0
2009-09-29,1734383,1489925,3224308,0.86
2009-09-30,2049441,2284058,4333499,1.11
2009-10-01,2608190,2517287,5125477,0.97
2009-10-02,2371502,2631265,5002767,1.11
2009-10-05,1919900,1537042,3456942,0.8
2009-10-06,2558737,1980967,4539704,0.77
2009-10-07,1985991,1549024,3535015,0.78
2009-10-08,2779091,2001204,4780295,0.72
2009-10-09,2010051,1582962,3593013,0.79
2009-10-12,2113122,1738701,3851823,0.82
2009-10-13,2357442,1902799,4260241,0.81
2009-10-14,3600385,2487870,6088255,0.69
2009-10-15,3394993,2341914,5736907,0.69
2009-10-16,3458363,2632179,6090542,0.76
2009-10-19,2365893,2130163,4496056,0.9
2009-10-20,2128313,1936296,4064609,0.91
2009-10-21,2579236,2426117,5005353,0.94
2009-10-22,2379868,1932617,4312485,0.81
2009-10-23,2107199,1798548,3905747,0.85
2009-10-26,2309854,2029914,4339768,0.88
2009-10-27,2065053,2087601,4152654,1.01
2009-10-28,2662612,2933293,5595905,1.1
2009-10-29,2272050,1915997,4188047,0.84
2009-10-30,2568775,3119754,5688529,1.21
2009-11-02,2788782,2882449,5671231,1.03
2009-11-03,2125748,1975134,4100882,0.93
2009-11-04,2480290,2027552,4507842,0.82
2009-11-05,2086189,1826148,3912337,0.88
2009-11-06,2069192,2141611,4210803,1.03
2009-11-09,2509872,2193970,4703842,0.87
2009-11-10,1977101,1648400,3625501,0.83
2009-11-11,2334972,2086971,4421943,0.89
2009-11-12,2183563,1853741,4037304,0.85
2009-11-13,1776304,1793243,3569547,1.01
2009-11-16,2686118,2255596,4941714,0.84
2009-11-17,2190125,1930327,4120452,0.88
2009-11-18,2582110,2152169,4734279,0.83
2009-11-19,2609387,2594892,5204279,0.99
2009-11-20,2652695,2412609,5065304,0.91
2009-11-23,2656325,1780593,4436918,0.67
2009-11-24,1797843,1579029,3376872,0.88
2009-11-25,1689253,1426588,3115841,0.84
2009-11-27,1367987,1430200,2798187,1.05
2009-11-30,1779386,1846419,3625805,1.04
2009-12-01,2263061,1915669,4178730,0.85
2009-12-02,2071552,1795845,3867397,0.87
2009-12-03,2909220,1962587,4871807,0.67
2009-12-04,3028946,2558243,5587189,0.84
2009-12-07,1804264,1603441,3407705,0.89
2009-12-08,2476992,2216115,4693107,0.89
2009-12-09,2153989,2051674,4205663,0.95
2009-12-10,2216459,1959312,4175771,0.88
2009-12-11,2071292,1852518,3923810,0.89
2009-12-14,2321533,2025978,4347511,0.87
2009-12-15,2942427,2209707,5152134,0.75
2009-12-16,3128684,2714379,5843063,0.87
2009-12-17,3609654,3215384,6825038,0.89
2009-12-18,3005850,2864332,5870182,0.95
2009-12-21,2733202,1689014,4422216,0.62
2009-12-22,2782560,1673606,4456166,0.6
2009-12-23,1861104,1515242,3376346,0.81
2009-12-24,967455,672713,1640168,0.7
2009-12-28,1574745,1217494,2792239,0.77
2009-12-29,1518152,1359310,2877462,0.9
2009-12-30,1573941,1216013,2789954,0.77
2009-12-31,1365260,1227940,2593200,0.9
2010-01-04,2398697,1640657,4039354,0.68
2010-01-05,2684471,1910399,4594870,0.71
2010-01-06,2529387,1751705,4281092,0.69
2010-01-07,2814573,1975682,4790255,0.7
2010-01-08,2750361,1766507,4516868,0.64
2010-01-11,2863977,1923508,4787485,0.67
2010-01-12,2945058,2344426,5289484,0.8
2010-01-13,2949526,2382663,5332189,0.81
2010-01-14,2831438,2122924,4954362,0.75
2010-01-15,3356352,2764283,6120635,0.82
2010-01-19,2779050,2020359,4799409,0.73
2010-01-20,2414531,2267676,4682207,0.94
2010-01-21,2941799,2743988,5685787,0.93
2010-01-22,3146103,3362639,6508742,1.07
2010-01-25,2092331,2044384,4136715,0.98
2010-01-26,2376034,2004091,4380125,0.84
2010-01-27,2385465,2264450,4649915,0.95
2010-01-28,2369524,1894715,4264239,0.8
2010-01-29,2180954,2165823,4346777,0.99
2010-02-01,2269431,1689723,3959154,0.74
2010-02-02,2230842,1914961,4145803,0.86
2010-02-03,1976341,1666540,3642881,0.84
2010-02-04,2608319,2774822,5383141,1.06
2010-02-05,2765247,3360548,6125795,1.22
2010-02-08,1625804,1617632,3243436,0.99
2010-02-09,2142663,2089595,4232258,0.98
2010-02-10,1744568,1641069,3385637,0.94
2010-02-11,2221553,1960424,4181977,0.88
2010-02-12,1859150,1664684,3523834,0.9
2010-02-16,2419336,2121501,4540837,0.88
2010-02-17,2736540,2506257,5242797,0.92
2010-02-18,3018027,2362852,5380879,0.78
2010-02-19,2768529,2356602,5125131,0.85
2010-02-22,2207663,1816630,4024293,0.82
2010-02-23,2054603,2130473,4185076,1.04
2010-02-24,1894739,1582369,3477108,0.84
2010-02-25,1855178,1911419,3766597,1.03
2010-02-26,1665617,1438566,3104183,0.86
2010-03-01,2096413,1988635,4085048,0.95
2010-03-02,2482887,1948070,4430957,0.78
2010-03-03,2071723,1799545,3871268,0.87
2010-03-04,2011359,2006624,4017983,1.0
2010-03-05,2747412,2256740,5004152,0.82
2010-03-08,2087883,1904587,3992470,0.91
2010-03-09,3157911,2161369,5319280,0.68
2010-03-10,3181968,2594423,5776391,0.82
2010-03-11,2437995,2216256,4654251,0.91
2010-03-12,2460335,2088043,4548378,0.85
2010-03-15,2153391,1696748,3850139,0.79
2010-03-16,2856368,2175656,5032024,0.76
2010-03-17,3650245,3104786,6755031,0.85
2010-03-18,2874782,2218661,5093443,0.77
2010-03-19,2786377,2699631,5486008,0.97
2010-03-22,2217751,1990551,4208302,0.9
2010-03-23,2842682,1852352,4695034,0.65
2010-03-24,2124432,1947181,4071613,0.92
2010-03-25,2707152,2274366,4981518,0.84
2010-03-26,2084169,1916103,4000272,0.92
2010-03-29,1989635,1704685,3694320,0.86
2010-03-30,1743904,1486926,3230830,0.85
2010-03-31,1973539,1659493,3633032,0.84
2010-04-01,2000331,1753342,3753673,0.88
2010-04-05,1997187,1561903,3559090,0.78
2010-04-06,2633879,1927880,4561759,0.73
2010-04-07,2750713,2466701,5217414,0.9
2010-04-08,2327802,1820512,4148314,0.78
2010-04-09,2806214,1996063,4802277,0.71
2010-04-12,2839664,1905373,4745037,0.67
2010-04-13,3063537,2191257,5254794,0.72
2010-04-14,4489357,2479754,6969111,0.55
2010-04-15,4596086,3178724,7774810,0.69
2010-04-16,4809127,4091252,8900379,0.85
2010-04-19,3372612,2991782,6364394,0.89
2010-04-20,2572241,2291980,4864221,0.89
2010-04-21,2760530,2455962,5216492,0.89
2010-04-22,2963922,2206390,5170312,0.74
2010-04-23,2615745,1855543,4471288,0.71
2010-04-26,2741992,1826382,4568374,0.67
2010-04-27,3232511,2850182,6082693,0.88
2010-04-28,2675794,2198724,4874518,0.82
2010-04-29,2787131,2007057,4794188,0.72
2010-04-30,2595867,2695849,5291716,1.04
2010-05-03,2461341,1940577,4401918,0.79
2010-05-04,3505892,3457206,6963098,0.99
2010-05-05,3324904,3764876,7089780,1.13
2010-05-06,5236692,5334876,10571568,1.02
2010-05-07,4444988,5338538,9783526,1.2
2010-05-10,3287054,3255915,6542969,0.99
2010-05-11,2661256,2846182,5507438,1.07
2010-05-12,2836435,2419641,5256076,0.85
2010-05-13,2632824,2250743,4883567,0.85
2010-05-14,3372997,3767713,7140710,1.12
2010-05-17,2854257,2872301,5726558,1.01
2010-05-18,3059185,3067336,6126521,1.0
2010-05-19,3279732,4492914,7772646,1.37
2010-05-20,4077179,6114714,10191893,1.5
2010-05-21,4009216,5131599,9140815,1.28
2010-05-24,2341059,2163323,4504382,0.92
2010-05-25,2814533,3120420,5934953,1.11
2010-05-26,2639580,2711962,5351542,1.03
2010-05-27,2297270,2313730,4611000,1.01
2010-05-28,1748895,2099478,3848373,1.2
2010-06-01,1779981,1603475,3383456,0.9
2010-06-02,2128270,1917693,4045963,0.9
2010-06-03,1951397,2086668,4038065,1.07
2010-06-04,2306488,2274043,4580531,0.99
2010-06-07,2235451,2173462,4408913,0.97
2010-06-08,2407887,2750572,5158459,1.14
2010-06-09,2238734,2348285,4587019,1.05
2010-06-10,2325486,2334691,4660177,1.0
2010-06-11,1717996,1847049,3565045,1.08
2010-06-14,2026977,2178728,4205705,1.07
2010-06-15,2463124,2079726,4542850,0.84
2010-06-16,2385582,2243583,4629165,0.94
2010-06-17,2292983,2072059,4365042,0.9
2010-06-18,2460171,2124896,4585067,0.86
2010-06-21,2281108,2068837,4349945,0.91
2010-06-22,1793797,1862303,3656100,1.04
2010-06-23,1479274,1615293,3094567,1.09
2010-06-24,1852902,2399440,4252342,1.29
2010-06-25,1681874,1496902,3178776,0.89
2010-06-28,1365972,1067543,2433515,0.78
2010-06-29,2453137,2671871,5125008,1.09
2010-06-30,1837796,1983970,3821766,1.08
2010-07-01,2549874,3172426,5722300,1.24
2010-07-02,1505454,1340988,2846442,0.89
2010-07-06,1758761,2112420,3871181,1.2
2010-07-07,2013220,1744029,3757249,0.87
2010-07-08,1860427,1500177,3360604,0.81
2010-07-09,1953049,1631075,3584124,0.84
2010-07-12,1756002,1695719,3451721,0.97
2010-07-13,2939984,2356601,5296585,0.8
2010-07-14,2391481,2171222,4562703,0.91
2010-07-15,2333132,2022291,4355423,0.87
2010-07-16,2623235,2776372,5399607,1.06
2010-07-19,2187548,1537133,3724681,0.7
2010-07-20,2086238,1753597,3839835,0.84
2010-07-21,1803126,1782884,3586010,0.99
2010-07-22,2347332,1895601,4242933,0.81
2010-07-23,1795049,1493929,3288978,0.83
2010-07-26,1800110,1710519,3510629,0.95
2010-07-27,1979322,1607857,3587179,0.81
2010-07-28,1451574,1373627,2825201,0.95
2010-07-29,1745593,1668299,3413892,0.96
2010-07-30,1499824,1196280,2696104,0.8
2010-08-02,1933163,1742869,3676032,0.9
2010-08-03,1604692,1365272,2969964,0.85
2010-08-04,1763886,1434099,3197985,0.81
2010-08-05,1494374,1402809,2897183,0.94
2010-08-06,1752428,1566143,3318571,0.89
2010-08-09,1430781,1148529,2579310,0.8
2010-08-10,1663289,1663697,3326986,1.0
2010-08-11,2200143,2311385,4511528,1.05
2010-08-12,1987545,1939459,3927004,0.98
2010-08-13,1386582,1385983,2772565,1.0
2010-08-16,1595450,1439770,3035220,0.9
2010-08-17,1944301,1894310,3838611,0.97
2010-08-18,1987536,2383751,4371287,1.2
2010-08-19,2371459,2281159,4652618,0.96
2010-08-20,2354863,2423517,4778380,1.03
2010-08-23,2186732,1559604,3746336,0.71
2010-08-24,1926593,1841138,3767731,0.96
2010-08-25,1887021,1896176,3783197,1.0
2010-08-26,1642927,1530595,3173522,0.93
2010-08-27,1909321,1562782,3472103,0.82
2010-08-30,1229984,1171223,2401207,0.95
2010-08-31,1485801,1350734,2836535,0.91
2010-09-01,2288131,1866954,4155085,0.82
2010-09-02,1754846,1534692,3289538,0.87
2010-09-03,1932423,1819347,3751770,0.94
2010-09-07,1352888,1774949,3127837,1.31
2010-09-08,1775531,1649328,3424859,0.93
2010-09-09,1640961,1716077,3357038,1.05
2010-09-10,1572583,1921523,3494106,1.22
2010-09-13,2373690,1924363,4298053,0.81
2010-09-14,2275107,2029312,4304419,0.89
2010-09-15,2498942,2342954,4841896,0.94
2010-09-16,2550274,2105220,4655494,0.83
2010-09-17,2472494,2218335,4690829,0.9
2010-09-20,2356639,1831857,4188496,0.78
2010-09-21,2040594,1917015,3957609,0.94
2010-09-22,1831932,1744668,3576600,0.95
2010-09-23,1764344,1642363,3406707,0.93
2010-09-24,1974882,1659538,3634420,0.84
2010-09-27,1503853,1247366,2751219,0.83
2010-09-28,1672510,1669847,3342357,1.0
2010-09-29,1910492,1466232,3376724,0.77
2010-09-30,2103664,1754002,3857666,0.83
2010-10-01,2123533,1619199,3742732,0.76
2010-10-04,1691025,1377833,3068858,0.81
2010-10-05,2584594,2193016,4777610,0.85
2010-10-06,2166573,1826899,3993472,0.84
2010-10-07,1964663,2054364,4019027,1.05
2010-10-08,2242798,1893801,4136599,0.84
2010-10-11,2110559,1701622,3812181,0.81
2010-10-12,2171476,2395041,4566517,1.1
2010-10-13,3713441,2702291,6415732,0.73
2010-10-14,3330184,2698916,6029100,0.81
2010-10-15,3692271,2655191,6347462,0.72
2010-10-18,2384765,1984421,4369186,0.83
2010-10-19,2428496,2238485,4666981,0.92
2010-10-20,2314178,2278990,4593168,0.98
2010-10-21,2106809,2021157,4127966,0.96
2010-10-22,1731169,1530356,3261525,0.88
2010-10-25,1979659,1783402,3763061,0.9
2010-10-26,1989973,1761814,3751787,0.89
2010-10-27,2098074,1753868,3851942,0.84
2010-10-28,2089698,1778275,3867973,0.85
2010-10-29,1996294,1783942,3780236,0.89
2010-11-01,1955333,1678570,3633903,0.86
2010-11-02,2014005,1574099,3588104,0.78
2010-11-03,2394424,2118444,4512868,0.88
2010-11-04,4184965,3194904,7379869,0.76
2010-11-05,3490755,2352561,5843316,0.67
2010-11-08,2255113,1556916,3812029,0.69
2010-11-09,2732690,2279904,5012594,0.83
2010-11-10,2447230,1737829,4185059,0.71
2010-11-11,2331019,1737120,4068139,0.75
2010-11-12,2700599,2708339,5408938,1.0
2010-11-15,2222202,1710792,3932994,0.77
2010-11-16,3183996,2944585,6128581,0.92
2010-11-17,2476858,2199574,4676432,0.89
2010-11-18,2849309,2321750,5171059,0.81
2010-11-19,3227943,2141897,5369840,0.66
2010-11-22,2193364,1690699,3884063,0.77
2010-11-23,1971601,1818649,3790250,0.92
2010-11-24,1708333,1788396,3496729,1.05
2010-11-26,916040,762209,1678249,0.83
2010-11-29,1686008,1624693,3310701,0.96
2010-11-30,1933479,1660235,3593714,0.86
2010-12-01,2277361,1807499,4084860,0.79
2010-12-02,2706319,1860463,4566782,0.69
2010-12-03,2187635,1669874,3857509,0.76
2010-12-06,2118763,1506939,3625702,0.71
2010-12-07,2940758,2138889,5079647,0.73
2010-12-08,2277515,1609940,3887455,0.71
2010-12-09,2586022,1791441,4377463,0.69
2010-12-10,2574807,1891025,4465832,0.73
2010-12-13,3100217,1709740,4809957,0.55
2010-12-14,2612866,2139918,4752784,0.82
2010-12-15,2651190,1744342,4395532,0.66
2010-12-16,2896303,2467870,5364173,0.85
2010-12-17,2906263,2163323,5069586,0.74
2010-12-20,2366349,1730890,4097239,0.73
2010-12-21,2069347,1439066,3508413,0.7
2010-12-22,2071491,1656682,3728173,0.8
2010-12-23,1444159,1220402,2664561,0.85
2010-12-27,1167788,865931,2033719,0.74
2010-12-28,1328782,1014055,2342837,0.76
2010-12-29,1335015,985139,2320154,0.74
2010-12-30,1570262,1093640,2663902,0.7
2010-12-31,1152810,1117574,2270384,0.97
2011-01-03,2971674,1892324,4863998,0.64
2011-01-04,2782914,1750171,4533085,0.63
2011-01-05,2769254,1923553,4692807,0.69
2011-01-06,3083030,2192696,5275726,0.71
2011-01-07,2727605,2380489,5108094,0.87
2011-01-10,2145607,1669642,3815249,0.78
2011-01-11,2382716,1976117,4358833,0.83
2011-01-12,2927236,2379940,5307176,0.81
2011-01-13,2945586,2075288,5020874,0.7
2011-01-14,3829545,2207222,6036767,0.58
2011-01-18,3452294,2440940,5893234,0.71
2011-01-19,3769319,3097741,6867060,0.82
2011-01-20,3371776,3075061,6446837,0.91
2011-01-21,3500453,2770037,6270490,0.79
2011-01-24,2450958,1783728,4234686,0.73
2011-01-25,2381845,2189290,4571135,0.92
2011-01-26,2399007,2170980,4569987,0.9
2011-01-27,2284138,2278889,4563027,1.0
2011-01-28,2942628,3081294,6023922,1.05
2011-01-31,2112462,2102362,4214824,1.0
2011-02-01,3081086,2464665,5545751,0.8
2011-02-02,2281641,1715456,3997097,0.75
2011-02-03,2350966,2025414,4376380,0.86
2011-02-04,2330053,2038106,4368159,0.87
2011-02-07,2608190,2053193,4661383,0.79
2011-02-08,2222308,1791284,4013592,0.81
2011-02-09,2515441,2139620,4655061,0.85
2011-02-10,2685757,2105063,4790820,0.78
2011-02-11,2915309,2277484,5192793,0.78
2011-02-14,2358063,2007587,4365650,0.85
2011-02-15,2438286,2009888,4448174,0.82
2011-02-16,3038728,2774020,5812748,0.91
2011-02-17,3050176,2193038,5243214,0.72
2011-02-18,3104212,2805913,5910125,0.9
2011-02-22,2940603,2830499,5771102,0.96
2011-02-23,3296594,3146607,6443201,0.95
2011-02-24,2509037,2454371,4963408,0.98
2011-02-25,2250540,1850647,4101187,0.82
2011-02-28,1959816,1631427,3591243,0.83
2011-03-01,2228609,2078514,4307123,0.93
2011-03-02,2194861,1739624,3934485,0.79
2011-03-03,2274518,1944368,4218886,0.85
2011-03-04,2609972,2061385,4671357,0.79
2011-03-07,2265691,2051849,4317540,0.91
2011-03-08,2233633,1919729,4153362,0.86
2011-03-09,2016329,1725648,3741977,0.86
2011-03-10,2918823,3017604,5936427,1.03
2011-03-11,2185347,2307252,4492599,1.06
2011-03-14,2371206,2240454,4611660,0.94
2011-03-15,3822948,4048008,7870956,1.06
2011-03-16,3703915,4378326,8082241,1.18
2011-03-17,2877197,3005208,5882405,1.04
2011-03-18,2990978,2893320,5884298,0.97
2011-03-21,2694554,1989449,4684003,0.74
2011-03-22,2185785,1658913,3844698,0.76
2011-03-23,2101198,1773856,3875054,0.84
2011-03-24,2355659,2025902,4381561,0.86
2011-03-25,2599380,2124014,4723394,0.82
2011-03-28,1679475,1389805,3069280,0.83
2011-03-29,1777502,1314314,3091816,0.74
2011-03-30,2342260,1769766,4112026,0.76
2011-03-31,1896724,1633466,3530190,0.86
2011-04-01,2342142,2103664,4445806,0.9
2011-04-04,1656373,1718662,3375035,1.04
2011-04-05,2063912,1674042,3737954,0.81
2011-04-06,2245036,1536818,3781854,0.68
2011-04-07,2099698,1852606,3952304,0.88
2011-04-08,2400059,2061520,4461579,0.86
2011-04-11,1939962,1868038,3808000,0.96
2011-04-12,2500332,2741612,5241944,1.1
2011-04-13,2365387,2058078,4423465,0.87
2011-04-14,2552306,2484992,5037298,0.97
2011-04-15,2841797,2645342,5487139,0.93
2011-04-18,2434208,2070786,4504994,0.85
2011-04-19,2104079,1879352,3983431,0.89
2011-04-20,2819590,2598374,5417964,0.92
2011-04-21,2341004,2142178,4483182,0.92
2011-04-25,1603872,1187224,2791096,0.74
2011-04-26,2218030,1903053,4121083,0.86
2011-04-27,2221559,1939714,4161273,0.87
2011-04-28,2510310,2068666,4578976,0.82
2011-04-29,2291178,2102233,4393411,0.92
2011-05-02,2058930,1703154,3762084,0.83
2011-05-03,2422149,2145306,4567455,0.89
2011-05-04,2283051,2308253,4591304,1.01
2011-05-05,2539713,2691810,5231523,1.06
2011-05-06,2301163,2225311,4526474,0.97
2011-05-09,1624504,1279799,2904303,0.79
2011-05-10,1844442,1467471,3311913,0.8
2011-05-11,2068086,1973656,4041742,0.95
2011-05-12,2225101,1913775,4138876,0.86
2011-05-13,1999159,1836169,3835328,0.92
2011-05-16,2067984,1954032,4022016,0.94
2011-05-17,2323361,2656563,4979924,1.14
2011-05-18,2283280,2200458,4483738,0.96
2011-05-19,2292010,2198237,4490247,0.96
2011-05-20,2394177,2502535,4896712,1.05
2011-05-23,1902390,1972795,3875185,1.04
2011-05-24,1798131,1446080,3244211,0.8
2011-05-25,1900151,1388428,3288579,0.73
2011-05-26,1677152,1531794,3208946,0.91
2011-05-27,1957817,1390611,3348428,0.71
2011-05-31,1932344,1475997,3408341,0.76
2011-06-01,2078525,2271541,4350066,1.09
2011-06-02,1877282,1993207,3870489,1.06
2011-06-03,1797233,2201917,3999150,1.23
2011-06-06,1985793,2210217,4196010,1.11
2011-06-07,1782075,1879502,3661577,1.05
2011-06-08,2129179,2473065,4602244,1.16
2011-06-09,1714196,1749982,3464178,1.02
2011-06-10,2213798,2598062,4811860,1.17
2011-06-13,2014856,2155627,4170483,1.07
2011-06-14,2173424,2210835,4384259,1.02
2011-06-15,2537896,3486912,6024808,1.37
2011-06-16,2994874,3342571,6337445,1.12
2011-06-17,2484466,2992120,5476586,1.2
2011-06-20,1901427,1667938,3569365,0.88
2011-06-21,2223820,2104210,4328030,0.95
2011-06-22,1829626,1533857,3363483,0.84
2011-06-23,2399792,2483433,4883225,1.03
2011-06-24,1597652,1706814,3304466,1.07
2011-06-27,1859016,1570563,3429579,0.84
2011-06-28,2006558,1805224,3811782,0.9
2011-06-29,2014049,2055741,4069790,1.02
2011-06-30,2387781,2217993,4605774,0.93
2011-07-01,2551444,2206246,4757690,0.86
2011-07-05,1682662,1865556,3548218,1.11
2011-07-06,1563986,1626781,3190767,1.04
2011-07-07,2637058,2227631,4864689,0.84
2011-07-08,1831536,1852668,3684204,1.01
2011-07-11,2140973,2466479,4607452,1.15
2011-07-12,2047603,2231319,4278922,1.09
2011-07-13,2031933,2033104,4065037,1.0
2011-07-14,2613371,2740518,5353889,1.05
2011-07-15,2624322,2819363,5443685,1.07
2011-07-18,2280024,2154925,4434949,0.95
2011-07-19,2775004,1855931,4630935,0.67
2011-07-20,2269894,1789622,4059516,0.79
2011-07-21,2858609,2139763,4998372,0.75
2011-07-22,1978052,1670071,3648123,0.84
2011-07-25,1592718,1454637,3047355,0.91
2011-07-26,1852034,1475613,3327647,0.8
2011-07-27,2549275,2812654,5361929,1.1
2011-07-28,2213290,2022110,4235400,0.91
2011-07-29,2511161,2926502,5437663,1.17
2011-08-01,2147897,2435688,4583585,1.13
2011-08-02,2739767,3150457,5890224,1.15
2011-08-03,2885820,3692386,6578206,1.28
2011-08-04,4294741,5566687,9861428,1.3
2011-08-05,4916352,5964374,10880726,1.21
2011-08-08,4650457,6267084,10917541,1.35
2011-08-09,4022429,5591919,9614348,1.39
2011-08-10,3394972,4092883,7487855,1.21
2011-08-11,3523436,3545461,7068897,1.01
2011-08-12,2525688,2725357,5251045,1.08
2011-08-15,2359483,2635195,4994678,1.12
2011-08-16,2368771,2496109,4864880,1.05
2011-08-17,2317465,3103704,5421169,1.34
2011-08-18,3286087,4860614,8146701,1.48
2011-08-19,2751555,3666071,6417626,1.33
2011-08-22,2070584,2250543,4321127,1.09
2011-08-23,2433351,2492882,4926233,1.02
2011-08-24,1957770,2312881,4270651,1.18
2011-08-25,2074119,2618204,4692323,1.26
2011-08-26,2292438,2677983,4970421,1.17
2011-08-29,2044483,2022987,4067470,0.99
2011-08-30,1808569,2074660,3883229,1.15
2011-08-31,2232040,2691226,4923266,1.21
2011-09-01,1804555,1947890,3752445,1.08
2011-09-02,1861265,2617821,4479086,1.41
2011-09-06,2110826,2651532,4762358,1.26
2011-09-07,2236541,1999569,4236110,0.89
2011-09-08,1830014,2061503,3891517,1.13
2011-09-09,2617477,3456075,6073552,1.32
2011-09-12,2195890,2714636,4910526,1.24
2011-09-13,2080666,2436010,4516676,1.17
2011-09-14,2619629,2734250,5353879,1.04
2011-09-15,2757955,2788467,5546422,1.01
2011-09-16,3005549,3060980,6066529,1.02
2011-09-19,1966031,1930416,3896447,0.98
2011-09-20,1996076,2212932,4209008,1.11
2011-09-21,2250836,2823128,5073964,1.25
2011-09-22,3353423,4205817,7559240,1.25
2011-09-23,2397549,2669882,5067431,1.11
2011-09-26,1829481,1828241,3657722,1.0
2011-09-27,2087523,2324214,4411737,1.11
2011-09-28,1408537,2010925,3419462,1.43
2011-09-29,1775206,2087619,3862825,1.18
2011-09-30,2085372,2614354,4699726,1.25
2011-10-03,2332032,2991129,5323161,1.28
2011-10-04,3166381,3735881,6902262,1.18
2011-10-05,2312283,2518043,4830326,1.09
2011-10-06,2138621,2650622,4789243,1.24
2011-10-07,1992061,2441878,4433939,1.23
2011-10-10,1754559,2375733,4130292,1.35
2011-10-11,1586996,2201963,3788959,1.39
2011-10-12,2408751,3064497,5473248,1.27
2011-10-13,1764528,1840669,3605197,1.04
2011-10-14,2270626,2212881,4483507,0.97
2011-10-17,1859910,2153738,4013648,1.16
2011-10-18,2385314,2403648,4788962,1.01
2011-10-19,2336864,2602612,4939476,1.11
2011-10-20,2374288,3211518,5585806,1.35
2011-10-21,2999551,2537853,5537404,0.85
2011-10-24,2371274,2229046,4600320,0.94
2011-10-25,1874611,1955020,3829631,1.04
2011-10-26,1808400,1797077,3605477,0.99
2011-10-27,3877772,3499278,7377050,0.9
2011-10-28,2099970,2056672,4156642,0.98
2011-10-31,1466439,1871733,3338172,1.28
2011-11-01,2534918,3409242,5944160,1.34
2011-11-02,1624837,1875034,3499871,1.15
2011-11-03,1969035,2098165,4067200,1.07
2011-11-04,1613965,1822752,3436717,1.13
2011-11-07,1437878,1423303,2861181,0.99
2011-11-08,1825571,2257833,4083404,1.24
2011-11-09,2281680,3004195,5285875,1.32
2011-11-10,1692428,1958667,3651095,1.16
2011-11-11,1951136,1808174,3759310,0.93
2011-11-14,1526361,1732484,3258845,1.14
2011-11-15,1866930,2026808,3893738,1.09
2011-11-16,1912790,2613476,4526266,1.37
2011-11-17,2659661,3392055,6051716,1.28
2011-11-18,2564688,2268258,4832946,0.88
2011-11-21,1962737,2063485,4026222,1.05
2011-11-22,1661739,1715400,3377139,1.03
2011-11-23,1908852,2411085,4319937,1.26
2011-11-25,849444,1080436,1929880,1.27
2011-11-28,1674866,1486172,3161038,0.89
2011-11-29,1546823,1480447,3027270,0.96
2011-11-30,2677375,2403957,5081332,0.9
2011-12-01,1931856,1776102,3707958,0.92
2011-12-02,2105190,2019954,4125144,0.96
2011-12-05,1763252,1684089,3447341,0.96
2011-12-06,1649293,1444842,3094135,0.88
2011-12-07,1792552,1609136,3401688,0.9
2011-12-08,1835278,1744706,3579984,0.95
2011-12-09,1899404,2244845,4144249,1.18
2011-12-12,1958133,2160864,4118997,1.1
2011-12-13,2006462,2294586,4301048,1.14
2011-12-14,2266116,2484495,4750611,1.1
2011-12-15,1763492,2150139,3913631,1.22
2011-12-16,2163610,2484470,4648080,1.15
2011-12-19,1784194,1535948,3320142,0.86
2011-12-20,1907718,1552510,3460228,0.81
2011-12-21,1607350,1682690,3290040,1.05
2011-12-22,1536784,1524096,3060880,0.99
2011-12-23,1101095,946156,2047251,0.86
2011-12-27,927584,913687,1841271,0.99
2011-12-28,1089520,1005278,2094798,0.92
2011-12-29,1065062,1145460,2210522,1.08
2011-12-30,1097217,947582,2044799,0.86
2012-01-03,1975489,1509012,3484501,0.76
2012-01-04,1553406,1507428,3060834,0.97
2012-01-05,1912047,1560328,3472375,0.82
2012-01-06,1957704,1870849,3828553,0.96
2012-01-09,1692730,1545989,3238719,0.91
2012-01-10,2456540,1963450,4419990,0.8
2012-01-11,2021981,1588485,3610466,0.79
2012-01-12,2318477,1950096,4268573,0.84
2012-01-13,2731629,2015248,4746877,0.74
2012-01-17,2444346,2034550,4478896,0.83
2012-01-18,3162990,2610005,5772995,0.83
2012-01-19,3935051,2751078,6686129,0.7
2012-01-20,3406904,2698636,6105540,0.79
2012-01-23,2256984,2422554,4679538,1.07
2012-01-24,1903247,1941974,3845221,1.02
2012-01-25,2731122,2100484,4831606,0.77
2012-01-26,2476848,2426879,4903727,0.98
2012-01-27,2092473,1834954,3927427,0.88
2012-01-30,1732797,1569231,3302028,0.91
2012-01-31,1958618,1704137,3662755,0.87
2012-02-01,2562933,2120088,4683021,0.83
2012-02-02,2037368,1777927,3815295,0.87
2012-02-03,3550449,2741689,6292138,0.77
2012-02-06,1837950,1534273,3372223,0.83
2012-02-07,2656691,1953187,4609878,0.74
2012-02-08,2687184,2235417,4922601,0.83
2012-02-09,2787572,2346212,5133784,0.84
2012-02-10,2828541,3114303,5942844,1.1
2012-02-13,2235700,1961888,4197588,0.88
2012-02-14,2527772,2427922,4955694,0.96
2012-02-15,3029898,3265353,6295251,1.08
2012-02-16,3228002,2802984,6030986,0.87
2012-02-17,3253590,2443820,5697410,0.75
2012-02-21,2609561,2242467,4852028,0.86
2012-02-22,2202104,1975590,4177694,0.9
2012-02-23,2290348,2238836,4529184,0.98
2012-02-24,2349752,2500529,4850281,1.06
2012-02-27,1989683,1785271,3774954,0.9
2012-02-28,2170684,1690252,3860936,0.78
2012-02-29,2310238,2394991,4705229,1.04
2012-03-01,2199366,2199711,4399077,1.0
2012-03-02,2043825,1942687,3986512,0.95
2012-03-05,1817956,1695271,3513227,0.93
2012-03-06,2564605,2688881,5253486,1.05
2012-03-07,1897899,1830192,3728091,0.96
2012-03-08,2165083,2030891,4195974,0.94
2012-03-09,2384730,2128006,4512736,0.89
2012-03-12,1646945,1741728,3388673,1.06
2012-03-13,2982144,2524657,5506801,0.85
2012-03-14,3354687,2752999,6107686,0.82
2012-03-15,3491633,2446478,5938111,0.7
2012-03-16,3423691,2620148,6043839,0.77
2012-03-19,3093585,2606370,5699955,0.84
2012-03-20,2323711,2005485,4329196,0.86
2012-03-21,2642891,2557732,5200623,0.97
2012-03-22,2114929,2269288,4384217,1.07
2012-03-23,1884662,1981872,3866534,1.05
2012-03-26,2225165,2311333,4536498,1.04
2012-03-27,2185810,2080492,4266302,0.95
2012-03-28,2226653,2278510,4505163,1.02
2012-03-29,2140396,2236666,4377062,1.04
2012-03-30,2026513,1976082,4002595,0.98
2012-04-02,2078516,1709768,3788284,0.82
2012-04-03,2035791,1899476,3935267,0.93
2012-04-04,2110810,2045698,4156508,0.97
2012-04-05,2061878,1943360,4005238,0.94
2012-04-09,1778743,1797470,3576213,1.01
2012-04-10,3267042,3172402,6439444,0.97
2012-04-11,2099483,2276293,4375776,1.08
2012-04-12,2643567,2268098,4911665,0.86
2012-04-13,2264303,2160994,4425297,0.95
2012-04-16,1998125,2007901,4006026,1.0
2012-04-17,2407241,2076204,4483445,0.86
2012-04-18,2157755,2133765,4291520,0.99
2012-04-19,2714272,2755078,5469350,1.02
2012-04-20,2971407,2615908,5587315,0.88
2012-04-23,2143035,1729358,3872393,0.81
2012-04-24,1885032,1685703,3570735,0.89
2012-04-25,2473705,1872230,4345935,0.76
2012-04-26,2299350,1923310,4222660,0.84
2012-04-27,2062776,1749383,3812159,0.85
2012-04-30,1803243,1575700,3378943,0.87
2012-05-01,2121303,1916840,4038143,0.9
2012-05-02,1910665,1905435,3816100,1.0
2012-05-03,2220132,2092059,4312191,0.94
2012-05-04,2577111,2669922,5247033,1.04
2012-05-07,1841158,1630057,3471215,0.89
2012-05-08,2395004,2705308,5100312,1.13
2012-05-09,2590406,2552649,5143055,0.99
2012-05-10,2000660,2128622,4129282,1.06
2012-05-11,2106220,2606977,4713197,1.24
2012-05-14,2148922,2672056,4820978,1.24
2012-05-15,2471212,2859601,5330813,1.16
2012-05-16,2828292,3495509,6323801,1.24
2012-05-17,2992798,4304947,7297745,1.44
2012-05-18,3110453,4149813,7260266,1.33
2012-05-21,2355974,2168022,4523996,0.92
2012-05-22,2354979,2350915,4705894,1.0
2012-05-23,2411971,2344903,4756874,0.97
2012-05-24,2262987,2184218,4447205,0.97
2012-05-25,1529572,1664490,3194062,1.09
2012-05-29,1869296,1799569,3668865,0.96
2012-05-30,1663781,2060543,3724324,1.24
2012-05-31,2055234,2193853,4249087,1.07
2012-06-01,2759453,3739944,6499397,1.36
2012-06-04,2231907,2175702,4407609,0.97
2012-06-05,1889515,1909844,3799359,1.01
2012-06-06,2409415,2733020,5142435,1.13
2012-06-07,2576590,2512804,5089394,0.98
2012-06-08,1881807,1808642,3690449,0.96
2012-06-11,1946611,1835532,3782143,0.94
2012-06-12,1814864,2072783,3887647,1.14
2012-06-13,1706821,2188107,3894928,1.28
2012-06-14,2333634,2414288,4747922,1.03
2012-06-15,2820539,2875512,5696051,1.02
2012-06-18,2127303,2134959,4262262,1.0
2012-06-19,2393252,2579643,4972895,1.08
2012-06-20,2237546,2094464,4332010,0.94
2012-06-21,2158830,2423810,4582640,1.12
2012-06-22,1818321,1800424,3618745,0.99
2012-06-25,1638761,1885640,3524401,1.15
2012-06-26,1415359,1415850,2831209,1.0
2012-06-27,1572784,1455626,3028410,0.93
2012-06-28,1796319,1760883,3557202,0.98
2012-06-29,2811112,2514475,5325587,0.89
2012-07-02,1464557,1524828,2989385,1.04
2012-07-03,1317887,1200408,2518295,0.91
2012-07-05,1771417,1529991,3301408,0.86
2012-07-06,1598442,1737045,3335487,1.09
2012-07-09,1460402,1450417,2910819,0.99
2012-07-10,1805647,1979012,3784659,1.1
2012-07-11,1664415,1596854,3261269,0.96
2012-07-12,2147742,2099552,4247294,0.98
2012-07-13,1889944,1894448,3784392,1.0
2012-07-16,1631794,1519516,3151310,0.93
2012-07-17,2448734,2067233,4515967,0.84
2012-07-18,2659997,2272088,4932085,0.85
2012-07-19,2719513,2352209,5071722,0.86
2012-07-20,2467025,2478189,4945214,1.0
2012-07-23,2044046,1725490,3769536,0.84
2012-07-24,2229063,1957875,4186938,0.88
2012-07-25,2067095,1936145,4003240,0.94
2012-07-26,2161241,2109089,4270330,0.98
2012-07-27,2883731,2552181,5435912,0.89
2012-07-30,1914762,1502577,3417339,0.78
2012-07-31,1747166,1417500,3164666,0.81
2012-08-01,2023480,1914531,3938011,0.95
2012-08-02,2239774,2078467,4318241,0.93
2012-08-03,2692734,2228117,4920851,0.83
2012-08-06,2146166,1707134,3853300,0.8
2012-08-07,2215632,1797621,4013253,0.81
2012-08-08,1740816,1391469,3132285,0.8
2012-08-09,1670120,1437537,3107657,0.86
2012-08-10,1466662,1454657,2921319,0.99
2012-08-13,2016196,1622687,3638883,0.8
2012-08-14,2054414,1691325,3745739,0.82
2012-08-15,1886010,1413450,3299460,0.75
2012-08-16,2890204,2425659,5315863,0.84
2012-08-17,2656658,1999542,4656200,0.75
2012-08-20,1855945,1846208,3702153,0.99
2012-08-21,2314649,2086042,4400691,0.9
2012-08-22,2086431,2031772,4118203,0.97
2012-08-23,1962309,1816381,3778690,0.93
2012-08-24,1857105,1581932,3439037,0.85
2012-08-27,1281372,1112470,2393842,0.87
2012-08-28,1210811,1008651,2219462,0.83
2012-08-29,1293876,1327287,2621163,1.03
2012-08-30,1618752,1718842,3337594,1.06
2012-08-31,1681996,1533939,3215935,0.91
2012-09-04,1534311,1370230,2904541,0.89
2012-09-05,1580294,1450981,3031275,0.92
2012-09-06,2774507,2389122,5163629,0.86
2012-09-07,3201281,2374549,5575830,0.74
2012-09-10,2224308,1758844,3983152,0.79
2012-09-11,2608995,2049110,4658105,0.79
2012-09-12,2373816,1767577,4141393,0.74
2012-09-13,3717013,2876329,6593342,0.77
2012-09-14,4169291,2879332,7048623,0.69
2012-09-17,1841018,1572577,3413595,0.85
2012-09-18,2169064,1709400,3878464,0.79
2012-09-19,2772735,1889304,4662039,0.68
2012-09-20,2634519,2249226,4883745,0.85
2012-09-21,2907639,2331559,5239198,0.8
2012-09-24,2127909,1688983,3816892,0.79
2012-09-25,2081663,1935551,4017214,0.93
2012-09-26,2162600,1935577,4098177,0.9
2012-09-27,2062277,1686409,3748686,0.82
2012-09-28,2115286,2104179,4219465,0.99
2012-10-01,1594885,1386482,2981367,0.87
2012-10-02,1789165,1316091,3105256,0.74
2012-10-03,1608386,1486933,3095319,0.92
2012-10-04,1976277,1594702,3570979,0.81
2012-10-05,2082054,1949923,4031977,0.94
2012-10-08,1232052,1036591,2268643,0.84
2012-10-09,1671049,1672415,3343464,1.0
2012-10-10,1797374,1800747,3598121,1.0
2012-10-11,1786288,1597612,3383900,0.89
2012-10-12,1750282,1832340,3582622,1.05
2012-10-15,1828164,1407697,3235861,0.77
2012-10-16,2181156,1762836,3943992,0.81
2012-10-17,2814191,2210413,5024604,0.79
2012-10-18,2627635,2302976,4930611,0.88
2012-10-19,2732595,3051988,5784583,1.12
2012-10-22,1737772,1639128,3376900,0.94
2012-10-23,2068032,2187800,4255832,1.06
2012-10-24,1609712,1465035,3074747,0.91
2012-10-25,1996301,1687933,3684234,0.85
2012-10-26,1769732,1755349,3525081,0.99
2012-10-31,1722705,1473767,3196472,0.86
2012-11-01,1852557,1757144,3609701,0.95
2012-11-02,2191801,2008917,4200718,0.92
2012-11-05,1680478,1363370,3043848,0.81
2012-11-06,1756512,1687464,3443976,0.96
2012-11-07,2310474,2789864,5100338,1.21
2012-11-08,2146804,2435324,4582128,1.13
2012-11-09,2022493,2361027,4383520,1.17
2012-11-12,1642964,1621859,3264823,0.99
2012-11-13,2234148,1858309,4092457,0.83
2012-11-14,2398085,2683762,5081847,1.12
2012-11-15,2368074,2937927,5306001,1.24
2012-11-16,2852762,2940709,5793471,1.03
2012-11-19,2460193,1838859,4299052,0.75
2012-11-20,1529703,1683574,3213277,1.1
2012-11-21,1695193,1464383,3159576,0.86
2012-11-23,1190540,1056862,2247402,0.89
2012-11-26,2109433,1323772,3433205,0.63
2012-11-27,1579097,1339009,2918106,0.85
2012-11-28,1801603,1500730,3302333,0.83
2012-11-29,2006721,2027922,4034643,1.01
2012-11-30,1522760,1769360,3292120,1.16
2012-12-03,1736492,1426252,3162744,0.82
2012-12-04,1455286,1516773,2972059,1.04
2012-12-05,1955364,1692751,3648115,0.87
2012-12-06,1544080,1421986,2966066,0.92
2012-12-07,2023914,1615377,3639291,0.8
2012-12-10,1357801,1224163,2581964,0.9
2012-12-11,1854053,1562827,3416880,0.84
2012-12-12,1853990,1643101,3497091,0.89
2012-12-13,1785566,1505678,3291244,0.84
2012-12-14,1848530,1644900,3493430,0.89
2012-12-17,1835534,1297902,3133436,0.71
2012-12-18,2776603,2355646,5132249,0.85
2012-12-19,2290281,2215882,4506163,0.97
2012-12-20,2438870,2087038,4525908,0.86
2012-12-21,2372086,2487759,4859845,1.05
2012-12-24,722992,701932,1424924,0.97
2012-12-26,1293072,1241836,2534908,0.96
2012-12-27,1712244,1816172,3528416,1.06
2012-12-28,1642696,1780782,3423478,1.08
2012-12-31,2068097,2118784,4186881,1.02
2013-01-02,2537978,2467062,5005040,0.97
2013-01-03,2328033,1952112,4280145,0.84
2013-01-04,2089689,1716520,3806209,0.82
2013-01-07,1727607,1538180,3265787,0.89
2013-01-08,1686739,1608435,3295174,0.95
2013-01-09,1733456,1481129,3214585,0.85
2013-01-10,2090163,1635643,3725806,0.78
2013-01-11,2170630,1570976,3741606,0.72
2013-01-14,1758601,1423372,3181973,0.81
2013-01-15,1788233,1849001,3637234,1.03
2013-01-16,2083405,1821163,3904568,0.87
2013-01-17,2469886,1945958,4415844,0.79
2013-01-18,2628407,1960682,4589089,0.75
2013-01-22,1979643,1863698,3843341,0.94
2013-01-23,1922458,1714709,3637167,0.89
2013-01-24,2609965,2291262,4901227,0.88
2013-01-25,2004687,1756044,3760731,0.88
2013-01-28,1510960,1459376,2970336,0.97
2013-01-29,1670772,1612826,3283598,0.97
2013-01-30,1619679,1533442,3153121,0.95
2013-01-31,1788124,1626289,3414413,0.91
2013-02-01,2238910,2004592,4243502,0.9
2013-02-04,1488351,1642864,3131215,1.1
2013-02-05,1622827,1537017,3159844,0.95
2013-02-06,1565824,1524992,3090816,0.97
2013-02-07,1537809,1582817,3120626,1.03
2013-02-08,1807221,1633040,3440261,0.9
2013-02-11,1456184,1563786,3019970,1.07
2013-02-12,1915308,1763256,3678564,0.92
2013-02-13,2161239,1975881,4137120,0.91
2013-02-14,2195807,1826073,4021880,0.83
2013-02-15,2468727,2181714,4650441,0.88
2013-02-19,1824390,1801827,3626217,0.99
2013-02-20,2040525,2331978,4372503,1.14
2013-02-21,2369158,2609267,4978425,1.1
2013-02-22,1826185,1648940,3475125,0.9
2013-02-25,2135793,2462076,4597869,1.15
2013-02-26,2555876,2804352,5360228,1.1
2013-02-27,2000981,1974201,3975182,0.99
2013-02-28,1646578,1617421,3263999,0.98
2013-03-01,1845987,2151416,3997403,1.17
2013-03-04,1387436,1553118,2940554,1.12
2013-03-05,2165050,2420896,4585946,1.12
2013-03-06,2325902,1654835,3980737,0.71
2013-03-07,1943169,1611572,3554741,0.83
2013-03-08,2467133,2226949,4694082,0.9
2013-03-11,2001360,1864986,3866346,0.93
2013-03-12,2017991,2180330,4198321,1.08
2013-03-13,1897399,1489265,3386664,0.78
2013-03-14,2574603,1887648,4462251,0.73
2013-03-15,2554013,2166707,4720720,0.85
2013-03-18,2019138,1831699,3850837,0.91
2013-03-19,2579607,2497969,5077576,0.97
2013-03-20,2565311,1910530,4475841,0.74
2013-03-21,2078191,1786356,3864547,0.86
2013-03-22,2030708,1859386,3890094,0.92
2013-03-25,2106517,1877337,3983854,0.89
2013-03-26,1532118,1216861,2748979,0.79
2013-03-27,1565764,1438526,3004290,0.92
2013-03-28,1696884,1519630,3216514,0.9
2013-04-01,1273839,1279193,2553032,1.0
2013-04-02,1774296,1537059,3311355,0.87
2013-04-03,2069119,2193944,4263063,1.06
2013-04-04,1712663,1868237,3580900,1.09
2013-04-05,2059836,2062333,4122169,1.0
2013-04-08,1432458,1292373,2724831,0.9
2013-04-09,2271588,1528451,3800039,0.67
2013-04-10,2734900,2333539,5068439,0.85
2013-04-11,2407483,2105816,4513299,0.87
2013-04-12,1940434,2235363,4175797,1.15
2013-04-15,3046385,3316202,6362587,1.09
2013-04-16,2370577,2089273,4459850,0.88
2013-04-17,2783689,3315498,6099187,1.19
2013-04-18,2484261,2920818,5405079,1.18
2013-04-19,2220637,2438573,4659210,1.1
2013-04-22,1608513,1652457,3260970,1.03
2013-04-23,2163891,1936817,4100708,0.9
2013-04-24,2119454,1674562,3794016,0.79
2013-04-25,711172,688582,1399754,0.97
2013-04-26,1714012,1531757,3245769,0.89
2013-04-29,1547283,1398586,2945869,0.9
2013-04-30,1734794,1535982,3270776,0.89
2013-05-01,1766318,1817496,3583814,1.03
2013-05-02,1878567,1710891,3589458,0.91
2013-05-03,2681357,2416250,5097607,0.9
2013-05-06,1922224,1492109,3414333,0.78
2013-05-07,1887304,1671308,3558612,0.89
2013-05-08,2119192,1855314,3974506,0.88
2013-05-09,2137305,2135691,4272996,1.0
2013-05-10,2558178,1907102,4465280,0.75
2013-05-13,1619933,1403149,3023082,0.87
2013-05-14,2697128,2192600,4889728,0.81
2013-05-15,2936519,2297032,5233551,0.78
2013-05-16,2336184,2302761,4638945,0.99
2013-05-17,3001781,2436915,5438696,0.81
2013-05-20,2199429,1746498,3945927,0.79
2013-05-21,2120907,1958907,4079814,0.92
2013-05-22,3025482,3120780,6146262,1.03
2013-05-23,2143466,2161243,4304709,1.01
2013-05-24,1618308,2043122,3661430,1.26
2013-05-28,1900262,1856000,3756262,0.98
2013-05-29,2006957,1720935,3727892,0.86
2013-05-30,1880893,1621548,3502441,0.86
2013-05-31,1937034,2311649,4248683,1.19
2013-06-03,2335581,2145629,4481210,0.92
2013-06-04,1756232,2032114,3788346,1.16
2013-06-05,2367369,2790396,5157765,1.18
2013-06-06,2442992,2970128,5413120,1.22
2013-06-07,2312473,2605823,4918296,1.13
2013-06-10,1656041,1787290,3443331,1.08
2013-06-11,1967041,2036870,4003911,1.04
2013-06-12,2026655,2423156,4449811,1.2
2013-06-13,2110924,2073528,4184452,0.98
2013-06-14,1949279,2313874,4263153,1.19
2013-06-17,2023114,1935515,3958629,0.96
2013-06-18,2228570,1914630,4143200,0.86
2013-06-19,2368032,2617088,4985120,1.11
2013-06-20,3713903,5161994,8875897,1.39
2013-06-21,3333386,3890037,7223423,1.17
2013-06-24,2710571,2736719,5447290,1.01
2013-06-25,1713712,1842261,3555973,1.08
2013-06-26,2101097,1795810,3896907,0.85
2013-06-27,2179990,2220337,4400327,1.02
2013-06-28,1945804,1875203,3821007,0.96
2013-07-01,1746566,1588741,3335307,0.91
2013-07-02,1723361,1793249,3516610,1.04
2013-07-03,1040190,1183925,2224115,1.14
2013-07-05,1876417,1811930,3688347,0.97
2013-07-08,2244854,2339877,4584731,1.04
2013-07-09,2385378,2418225,4803603,1.01
2013-07-10,2072335,2145013,4217348,1.04
2013-07-11,2574607,2609323,5183930,1.01
2013-07-12,2394181,2143876,4538057,0.9
2013-07-15,2279828,1888931,4168759,0.83
2013-07-16,2147080,2088378,4235458,0.97
2013-07-17,2362927,2177135,4540062,0.92
2013-07-18,3042113,2253447,5295560,0.74
2013-07-19,2577120,2043031,4620151,0.79
2013-07-22,1749163,1629702,3378865,0.93
2013-07-23,1854243,1723831,3578074,0.93
2013-07-24,1847299,1779996,3627295,0.96
2013-07-25,1891781,1814601,3706382,0.96
2013-07-26,1877648,1840072,3717720,0.98
2013-07-29,1437929,1205415,2643344,0.84
2013-07-30,1883542,1461540,3345082,0.78
2013-07-31,2221730,1953193,4174923,0.88
2013-08-01,2464895,2083016,4547911,0.85
2013-08-02,2204705,1930569,4135274,0.88
2013-08-05,1794760,1529654,3324414,0.85
2013-08-06,2598229,2331146,4929375,0.9
2013-08-07,1844892,1769826,3614718,0.96
2013-08-08,2192124,1676155,3868279,0.76
2013-08-09,1944895,1759950,3704845,0.9
2013-08-12,1878757,1438132,3316889,0.77
2013-08-13,2396402,1843140,4239542,0.77
2013-08-14,2310920,1836387,4147307,0.79
2013-08-15,3453028,3320387,6773415,0.96
2013-08-16,2823182,2638336,5461518,0.93
2013-08-19,2071483,1918344,3989827,0.93
2013-08-20,2165998,1943190,4109188,0.9
2013-08-21,2451137,2387428,4838565,0.97
2013-08-22,1621648,1337089,2958737,0.82
2013-08-23,1942379,1574042,3516421,0.81
2013-08-26,1653131,1484471,3137602,0.9
2013-08-27,2353318,2410446,4763764,1.02
2013-08-28,1857442,1503046,3360488,0.81
2013-08-29,1663266,1592320,3255586,0.96
2013-08-30,1682956,1887358,3570314,1.12
2013-09-03,2031875,1525388,3557263,0.75
2013-09-04,2017922,1555693,3573615,0.77
2013-09-05,1780860,1460131,3240991,0.82
2013-09-06,2278086,1968947,4247033,0.86
2013-09-09,2240516,1455798,3696314,0.65
2013-09-10,2716017,2074538,4790555,0.76
2013-09-11,2199994,2024435,4224429,0.92
2013-09-12,2150176,1846799,3996975,0.86
2013-09-13,2036239,1563242,3599481,0.77
2013-09-16,2141424,1950064,4091488,0.91
2013-09-17,2302282,1838553,4140835,0.8
2013-09-18,3748712,3136276,6884988,0.84
2013-09-19,3116272,2383603,5499875,0.76
2013-09-20,2564448,2692076,5256524,1.05
2013-09-23,1957948,1947670,3905618,0.99
2013-09-24,1973253,1722075,3695328,0.87
2013-09-25,1800270,1734649,3534919,0.96
2013-09-26,2229382,1568173,3797555,0.7
2013-09-27,2437157,2292596,4729753,0.94
2013-09-30,2179817,2411641,4591458,1.11
2013-10-01,2080660,1778284,3858944,0.85
2013-10-02,2343638,1807345,4150983,0.77
2013-10-03,2972445,2928202,5900647,0.99
2013-10-04,2264951,1971270,4236221,0.87
2013-10-07,1993121,1827117,3820238,0.92
2013-10-08,3335048,3241880,6576928,0.97
2013-10-09,2968138,3860555,6828693,1.3
2013-10-10,2964702,2757236,5721938,0.93
2013-10-11,2391492,2282601,4674093,0.95
2013-10-14,2249990,2026273,4276263,0.9
2013-10-15,2595577,2578893,5174470,0.99
2013-10-16,3097498,2891160,5988658,0.93
2013-10-17,3507716,3068816,6576532,0.87
2013-10-18,4204529,2921289,7125818,0.69
2013-10-21,2267409,1838483,4105892,0.81
2013-10-22,2569717,2153851,4723568,0.84
2013-10-23,2048287,1763008,3811295,0.86
2013-10-24,2095200,1705244,3800444,0.81
2013-10-25,1950230,1816621,3766851,0.93
2013-10-28,2077982,1618671,3696653,0.78
2013-10-29,2276551,1683383,3959934,0.74
2013-10-30,2366264,2327847,4694111,0.98
2013-10-31,1994073,1802932,3797005,0.9
2013-11-01,2032668,1861462,3894130,0.92
2013-11-04,2056385,1571145,3627530,0.76
2013-11-05,2061495,1612625,3674120,0.78
2013-11-06,1979137,1795418,3774555,0.91
2013-11-07,2921528,2679418,5600946,0.92
2013-11-08,2628332,2269387,4897719,0.86
2013-11-11,1767711,1448937,3216648,0.82
2013-11-12,2180614,1824902,4005516,0.84
2013-11-13,2327498,1921698,4249196,0.83
2013-11-14,3054648,2541014,5595662,0.83
2013-11-15,2783236,2075186,4858422,0.75
2013-11-18,2652028,2093380,4745408,0.79
2013-11-19,2427869,1980856,4408725,0.82
2013-11-20,2138368,2050751,4189119,0.96
2013-11-21,2189379,1722805,3912184,0.79
2013-11-22,2224118,2083428,4307546,0.94
2013-11-25,1933923,1484331,3418254,0.77
2013-11-26,1984675,1475083,3459758,0.74
2013-11-27,1765504,1423799,3189303,0.81
2013-11-29,1252431,1012181,2264612,0.81
2013-12-02,1950102,1461435,3411537,0.75
2013-12-03,2014302,1751452,3765754,0.87
2013-12-04,1959900,1743253,3703153,0.89
2013-12-05,2086604,1615651,3702255,0.77
2013-12-06,2209010,1920864,4129874,0.87
2013-12-09,1686535,1580006,3266541,0.94
2013-12-10,1806490,1369364,3175854,0.76
2013-12-11,2269283,2148999,4418282,0.95
2013-12-12,2539688,1785419,4325107,0.7
2013-12-13,2194706,1866285,4060991,0.85
2013-12-16,1915350,1533470,3448820,0.8
2013-12-17,2287188,2003754,4290942,0.88
2013-12-18,3231587,2758817,5990404,0.85
2013-12-19,3051246,2278737,5329983,0.75
2013-12-20,3496251,2639523,6135774,0.75
2013-12-23,2516490,1532962,4049452,0.61
2013-12-24,1426174,856051,2282225,0.6
2013-12-26,2055431,1342763,3398194,0.65
2013-12-27,2027234,1472238,3499472,0.73
2013-12-30,2070071,1518273,3588344,0.73
2013-12-31,2233369,1479074,3712443,0.66
2014-01-02,2356773,1934846,4291619,0.82
2014-01-03,2032823,1838415,3871238,0.9
2014-01-06,2347424,1628371,3975795,0.69
2014-01-07,2421152,1706255,4127407,0.7
2014-01-08,2486302,1763436,4249738,0.71
2014-01-09,2954305,2135214,5089519,0.72
2014-01-10,2819573,2147055,4966628,0.76
2014-01-13,3258277,2356568,5614845,0.72
2014-01-14,2708417,1834913,4543330,0.68
2014-01-15,3274371,2448907,5723278,0.75
2014-01-16,2767631,2158964,4926595,0.78
2014-01-17,3609754,2571596,6181350,0.71
2014-01-21,2585759,1959642,4545401,0.76
2014-01-22,2439333,1989706,4429039,0.82
2014-01-23,2819117,2470871,5289988,0.88
2014-01-24,4185051,3849645,8034696,0.92
2014-01-27,3609176,3141277,6750453,0.87
2014-01-28,2396741,1921637,4318378,0.8
2014-01-29,2604364,2521299,5125663,0.97
2014-01-30,2722420,2263029,4985449,0.83
2014-01-31,3630289,3106372,6736661,0.86
2014-02-03,4861942,3895893,8757835,0.8
2014-02-04,2872309,2856528,5728837,0.99
2014-02-05,2824173,2744899,5569072,0.97
2014-02-06,2901739,2666933,5568672,0.92
2014-02-07,3598643,2951719,6550362,0.82
2014-02-10,1971160,1851788,3822948,0.94
2014-02-11,3343496,2797111,6140607,0.84
2014-02-12,2278830,1935888,4214718,0.85
2014-02-13,2647090,2087018,4734108,0.79
2014-02-14,2971686,2461086,5432772,0.83
2014-02-18,2751493,2102417,4853910,0.76
2014-02-19,3255731,2931690,6187421,0.9
2014-02-20,2687772,2324852,5012624,0.86
2014-02-21,3065780,2102209,5167989,0.69
2014-02-24,2848832,2218890,5067722,0.78
2014-02-25,2227243,1847802,4075045,0.83
2014-02-26,2269622,1936671,4206293,0.85
2014-02-27,2123042,1890218,4013260,0.89
2014-02-28,3153477,2589090,5742567,0.82
2014-03-03,2502655,2249650,4752305,0.9
2014-03-04,2577502,2064655,4642157,0.8
2014-03-05,2103327,1626714,3730041,0.77
2014-03-06,2620063,2166923,4786986,0.83
2014-03-07,2618227,2155172,4773399,0.82
2014-03-10,2228390,1853100,4081490,0.83
2014-03-11,2309645,1879054,4188699,0.81
2014-03-12,1981277,1894520,3875797,0.96
2014-03-13,3035158,3155091,6190249,1.04
2014-03-14,3749702,2961912,6711614,0.79
2014-03-17,2356463,1980352,4336815,0.84
2014-03-18,2599446,1934661,4534107,0.74
2014-03-19,2498348,2056339,4554687,0.82
2014-03-20,2738198,2087008,4825206,0.76
2014-03-21,2869954,2580525,5450479,0.9
2014-03-24,2116657,2111824,4228481,1.0
2014-03-25,2135760,1609706,3745466,0.75
2014-03-26,2309944,2351531,4661475,1.02
2014-03-27,2315535,1946977,4262512,0.84
2014-03-28,2301319,2205886,4507205,0.96
2014-03-31,1800036,1732642,3532678,0.96
2014-04-01,2145600,2126869,4272469,0.99
2014-04-02,2444039,1613404,4057443,0.66
2014-04-03,1980600,1741161,3721761,0.88
2014-04-04,3340064,3152304,6492368,0.94
2014-04-07,2538548,2463497,5002045,0.97
2014-04-08,1921021,1757716,3678737,0.91
2014-04-09,2901826,1773886,4675712,0.61
2014-04-10,2630660,2716741,5347401,1.03
2014-04-11,3022934,3465170,6488104,1.15
2014-04-14,2864017,2149924,5013941,0.75
2014-04-15,3030723,2820272,5850995,0.93
2014-04-16,2628468,2383912,5012380,0.91
2014-04-17,2929094,2480817,5409911,0.85
2014-04-21,1759603,1331612,3091215,0.76
2014-04-22,2397852,1757498,4155350,0.73
2014-04-23,1593818,1603107,3196925,1.01
2014-04-24,2138677,1698038,3836715,0.79
2014-04-25,2159915,2464649,4624564,1.14
2014-04-28,2073873,1869780,3943653,0.9
2014-04-29,1701800,1531200,3233000,0.9
2014-04-30,1993778,1531455,3525233,0.77
2014-05-01,2345721,1909918,4255639,0.81
2014-05-02,2156770,2045653,4202423,0.95
2014-05-05,1501316,1307786,2809102,0.87
2014-05-06,1945867,1734641,3680508,0.89
2014-05-07,2213130,1912805,4125935,0.86
2014-05-08,2188526,2062326,4250852,0.94
2014-05-09,2139639,2008252,4147891,0.94
2014-05-12,3080574,1985866,5066440,0.64
2014-05-13,2176832,1911452,4088284,0.88
2014-05-14,1863383,2016680,3880063,1.08
2014-05-15,2865820,2894739,5760559,1.01
2014-05-16,2601526,2306096,4907622,0.89
2014-05-19,1778451,1448807,3227258,0.81
2014-05-20,1987033,1831597,3818630,0.92
2014-05-21,2542353,2223736,4766089,0.87
2014-05-22,1911786,1660438,3572224,0.87
2014-05-23,2345336,1776285,4121621,0.76
2014-05-27,2398371,1767588,4165959,0.74
2014-05-28,1787122,1599870,3386992,0.9
2014-05-29,2260126,1633140,3893266,0.72
2014-05-30,2229220,1975277,4204497,0.89
2014-06-02,2163061,1579128,3742189,0.73
2014-06-03,1538169,1454601,2992770,0.95
2014-06-04,2369715,1776373,4146088,0.75
2014-06-05,3176591,2371010,5547601,0.75
2014-06-06,2916167,2676023,5592190,0.92
2014-06-09,2278667,1896048,4174715,0.83
2014-06-10,2312121,1616764,3928885,0.7
2014-06-11,2043406,1505272,3548678,0.74
2014-06-12,2720956,2180643,4901599,0.8
2014-06-13,2518715,1934601,4453316,0.77
2014-06-16,2149616,1527398,3677014,0.71
2014-06-17,2410674,1964385,4375059,0.81
2014-06-18,3078065,2359001,5437066,0.77
2014-06-19,3032638,2055771,5088409,0.68
2014-06-20,3021348,2353481,5374829,0.78
2014-06-23,2019375,1640667,3660042,0.81
2014-06-24,2277954,1930197,4208151,0.85
2014-06-25,1742838,1510842,3253680,0.87
2014-06-26,1782046,1649945,3431991,0.93
2014-06-27,1809700,1521597,3331297,0.84
2014-06-30,1807029,1538141,3345170,0.85
2014-07-01,2369624,2174215,4543839,0.92
2014-07-02,1970365,1734083,3704448,0.88
2014-07-03,1595496,1626639,3222135,1.02
2014-07-07,1758610,1760663,3519273,1.0
2014-07-08,2836097,2538937,5375034,0.9
2014-07-09,1823860,1526445,3350305,0.84
2014-07-10,2069421,2198771,4268192,1.06
2014-07-11,2292128,2051220,4343348,0.89
2014-07-14,2086497,1837641,3924138,0.88
2014-07-15,2493901,2027927,4521828,0.81
2014-07-16,2720559,2188386,4908945,0.8
2014-07-17,3264203,3249287,6513490,1.0
2014-07-18,2880148,2613323,5493471,0.91
2014-07-21,1752087,1573545,3325632,0.9
2014-07-22,1998799,1832146,3830945,0.92
2014-07-23,2229242,1702949,3932191,0.76
2014-07-24,2003435,1821580,3825015,0.91
2014-07-25,2053986,1953980,4007966,0.95
2014-07-28,1708801,1561081,3269882,0.91
2014-07-29,1762334,1510171,3272505,0.86
2014-07-30,2357402,2270473,4627875,0.96
2014-07-31,3790080,3748459,7538539,0.99
2014-08-01,3052183,3798961,6851144,1.24
2014-08-04,1664810,1934029,3598839,1.16
2014-08-05,1872289,2211408,4083697,1.18
2014-08-06,1962329,2224282,4186611,1.13
2014-08-07,2358320,2363818,4722138,1.0
2014-08-08,2102446,2290646,4393092,1.09
2014-08-11,2358601,1744938,4103539,0.74
2014-08-12,1687708,1831087,3518795,1.08
2014-08-13,2190447,2062831,4253278,0.94
2014-08-14,2127106,1963112,4090218,0.92
2014-08-15,3108327,3129921,6238248,1.01
2014-08-18,2186816,1917939,4104755,0.88
2014-08-19,2357326,2129930,4487256,0.9
2014-08-20,2024801,1750596,3775397,0.86
2014-08-21,2108422,1527711,3636133,0.72
2014-08-22,2064904,1928033,3992937,0.93
2014-08-25,1580222,1406961,2987183,0.89
2014-08-26,1666137,1333239,2999376,0.8
2014-08-27,1603573,1410703,3014276,0.88
2014-08-28,1446933,1887004,3333937,1.3
2014-08-29,1722348,1657243,3379591,0.96
2014-09-02,2065793,1699952,3765745,0.82
2014-09-03,1994523,1985615,3980138,1.0
2014-09-04,2310042,2240934,4550976,0.97
2014-09-05,2221013,2279614,4500627,1.03
2014-09-08,1880095,1651485,3531580,0.88
2014-09-09,2251450,2000250,4251700,0.89
2014-09-10,2157158,2031291,4188449,0.94
2014-09-11,2031050,2060550,4091600,1.01
2014-09-12,2929615,2606880,5536495,0.89
2014-09-15,2350119,2023904,4374023,0.86
2014-09-16,2677019,2389970,5066989,0.89
2014-09-17,2448298,2350279,4798577,0.96
2014-09-18,2505811,2277118,4782929,0.91
2014-09-19,3373642,2808315,6181957,0.83
2014-09-22,2181859,2290014,4471873,1.05
2014-09-23,2090142,2115806,4205948,1.01
2014-09-24,2249094,1979618,4228712,0.88
2014-09-25,2599008,2991797,5590805,1.15
2014-09-26,2319424,2614469,4933893,1.13
2014-09-29,2403495,2135721,4539216,0.89
2014-09-30,2042675,2299512,4342187,1.13
2014-10-01,2605023,3371393,5976416,1.29
2014-10-02,2996457,3046509,6042966,1.02
2014-10-03,2779833,2565356,5345189,0.92
2014-10-06,1951128,1922762,3873890,0.99
2014-10-07,2352985,2338832,4691817,0.99
2014-10-08,3283389,3265709,6549098,0.99
2014-10-09,3631591,3536561,7168152,0.97
2014-10-10,3704685,4444995,8149680,1.2
2014-10-13,3168745,4844823,8013568,1.53
2014-10-14,3746300,3926330,7672630,1.05
2014-10-15,4615527,6018392,10633919,1.3
2014-10-16,3937664,3962165,7899829,1.01
2014-10-17,3171341,3816736,6988077,1.2
2014-10-20,2648939,2337874,4986813,0.88
2014-10-21,3403086,3501921,6905007,1.03
2014-10-22,2766011,3151804,5917815,1.14
2014-10-23,3192750,2632471,5825221,0.82
2014-10-24,2526479,2266526,4793005,0.9
2014-10-27,1804054,1747651,3551705,0.97
2014-10-28,2671391,2660215,5331606,1.0
2014-10-29,2422651,2498502,4921153,1.03
2014-10-30,2271989,2178423,4450412,0.96
2014-10-31,3613704,2786178,6399882,0.77
2014-11-03,2288720,1912713,4201433,0.84
2014-11-04,1927135,1710212,3637347,0.89
2014-11-05,1912178,1703090,3615268,0.89
2014-11-06,2162871,1965226,4128097,0.91
2014-11-07,2136134,2037609,4173743,0.95
2014-11-10,1876742,1968749,3845491,1.05
2014-11-11,1682118,1660522,3342640,0.99
2014-11-12,2163436,1744640,3908076,0.81
2014-11-13,2371012,2251141,4622153,0.95
2014-11-14,2272510,2089883,4362393,0.92
2014-11-17,1898194,1603553,3501747,0.84
2014-11-18,2474383,2173399,4647782,0.88
2014-11-19,2194239,2042795,4237034,0.93
2014-11-20,2079509,2004587,4084096,0.96
2014-11-21,3256785,2428183,5684968,0.75
2014-11-24,1965029,1544569,3509598,0.79
2014-11-25,1707653,1674803,3382456,0.98
2014-11-26,1762644,1487228,3249872,0.84
2014-11-28,1529331,1662563,3191894,1.09
2014-12-01,2223201,2197144,4420345,0.99
2014-12-02,1627402,1845168,3472570,1.13
2014-12-03,1911891,1492812,3404703,0.78
2014-12-04,1693121,1792755,3485876,1.06
2014-12-05,2372690,2438740,4811430,1.03
2014-12-08,2217307,2308289,4525596,1.04
2014-12-09,2122867,2238968,4361835,1.05
2014-12-10,2728777,2624739,5353516,0.96
2014-12-11,2395162,2381713,4776875,0.99
2014-12-12,3152325,3551869,6704194,1.13
2014-12-15,3326974,3504550,6831524,1.05
2014-12-16,3250574,3175632,6426206,0.98
2014-12-17,2888765,3573143,6461908,1.24
2014-12-18,3398354,2649140,6047494,0.78
2014-12-19,3012260,2646726,5658986,0.88
2014-12-22,2117680,1591030,3708710,0.75
2014-12-23,1921024,1650719,3571743,0.86
2014-12-24,932653,829178,1761831,0.89
2014-12-26,1762765,1278700,3041465,0.73
2014-12-29,1495862,1271753,2767615,0.85
2014-12-30,1481078,1473225,2954303,0.99
2014-12-31,2013319,1895037,3908356,0.94
2015-01-02,1900430,2310223,4210653,1.22
2015-01-05,2262790,2789631,5052421,1.23
2015-01-06,2598825,2895035,5493860,1.11
2015-01-07,2148831,2081724,4230555,0.97
2015-01-08,2603583,2215351,4818934,0.85
2015-01-09,2200828,2176976,4377804,0.99
2015-01-12,1737766,1835104,3572870,1.06
2015-01-13,2730119,2446276,5176395,0.9
2015-01-14,2607831,3027033,5634864,1.16
2015-01-15,2830928,2917555,5748483,1.03
2015-01-16,3329893,3019787,6349680,0.91
2015-01-20,2211783,1774339,3986122,0.8
2015-01-21,2015790,2157592,4173382,1.07
2015-01-22,2378331,2325849,4704180,0.98
2015-01-23,2133689,2726922,4860611,1.28
2015-01-26,1644141,1482116,3126257,0.9
2015-01-27,1813041,1967782,3780823,1.09
2015-01-28,2217565,2155161,4372726,0.97
2015-01-29,2309914,2667313,4977227,1.15
2015-01-30,2306125,2639799,4945924,1.14
2015-02-02,1793347,1898632,3691979,1.06
2015-02-03,2181941,2082191,4264132,0.95
2015-02-04,1894598,1801523,3696121,0.95
2015-02-05,1944466,1864629,3809095,0.96
2015-02-06,2859147,2926084,5785231,1.02
2015-02-09,1552726,1661962,3214688,1.07
2015-02-10,1779060,1718638,3497698,0.97
2015-02-11,1845398,1778165,3623563,0.96
2015-02-12,2655542,2308987,4964529,0.87
2015-02-13,2543200,2460474,5003674,0.97
2015-02-17,2068994,1968689,4037683,0.95
2015-02-18,2162383,2065445,4227828,0.96
2015-02-19,2151088,1908596,4059684,0.89
2015-02-20,2768825,2199981,4968806,0.79
2015-02-23,1786983,1554537,3341520,0.87
2015-02-24,1968631,1970919,3939550,1.0
2015-02-25,1992783,2001329,3994112,1.0
2015-02-26,1814386,1848835,3663221,1.02
2015-02-27,1964463,2004530,3968993,1.02
2015-03-02,1430130,1452189,2882319,1.02
2015-03-03,1613075,1579571,3192646,0.98
2015-03-04,1622497,1484204,3106701,0.91
2015-03-05,1489810,1420481,2910291,0.95
2015-03-06,2302125,2947004,5249129,1.28
2015-03-09,1486551,1644894,3131445,1.11
2015-03-10,2092509,2282254,4374763,1.09
2015-03-11,1722441,1911658,3634099,1.11
2015-03-12,1757973,1848519,3606492,1.05
2015-03-13,1950398,2350772,4301170,1.21
2015-03-16,1731999,1765461,3497460,1.02
2015-03-17,1648038,1568278,3216316,0.95
2015-03-18,2542675,2487409,5030084,0.98
2015-03-19,2212180,1964697,4176877,0.89
2015-03-20,2892147,2328325,5220472,0.81
2015-03-23,1669300,1475397,3144697,0.88
2015-03-24,1640519,1702062,3342581,1.04
2015-03-25,2004167,2166824,4170991,1.08
2015-03-26,2262836,2196346,4459182,0.97
2015-03-27,1703648,1827112,3530760,1.07
2015-03-30,1653037,1541373,3194410,0.93
2015-03-31,1476049,1588675,3064724,1.08
2015-04-01,1719959,1955756,3675715,1.14
2015-04-02,1555340,1748014,3303354,1.12
2015-04-06,1612660,1406620,3019280,0.87
2015-04-07,1474618,1468269,2942887,1.0
2015-04-08,1640921,1562323,3203244,0.95
2015-04-09,1665250,1727140,3392390,1.04
2015-04-10,2598916,2218056,4816972,0.85
2015-04-13,1988690,1779834,3768524,0.89
2015-04-14,1775878,1925507,3701385,1.08
2015-04-15,2453652,1924529,4378181,0.78
2015-04-16,2110851,1824544,3935395,0.86
2015-04-17,2584836,2902442,5487278,1.12
2015-04-20,1820553,1431130,3251683,0.79
2015-04-21,1469925,1322380,2792305,0.9
2015-04-22,1701165,1600784,3301949,0.94
2015-04-23,1914826,1967390,3882216,1.03
2015-04-24,2346837,1784144,4130981,0.76
2015-04-27,2044931,1795812,3840743,0.88
2015-04-28,1845199,1673279,3518478,0.91
2015-04-29,2054550,1938772,3993322,0.94
2015-04-30,2302336,2426467,4728803,1.05
2015-05-01,2000326,1930734,3931060,0.97
2015-05-04,1371954,1305157,2677111,0.95
2015-05-05,1837777,2277805,4115582,1.24
2015-05-06,2252996,2291435,4544431,1.02
2015-05-07,1910267,1799676,3709943,0.94
2015-05-08,2564096,2197883,4761979,0.86
2015-05-11,2670894,1495857,4166751,0.56
2015-05-12,1742068,1847545,3589613,1.06
2015-05-13,1672663,1445849,3118512,0.86
2015-05-14,2275104,1796791,4071895,0.79
2015-05-15,2119325,1752477,3871802,0.83
2015-05-18,2345833,2271911,4617744,0.97
2015-05-19,1688673,1733763,3422436,1.03
2015-05-20,1859487,1572473,3431960,0.85
2015-05-21,1644371,1526401,3170772,0.93
2015-05-22,1788279,1582635,3370914,0.89
2015-05-26,1730433,1966107,3696540,1.14
2015-05-27,1486489,1586122,3072611,1.07
2015-05-28,1325234,1433827,2759061,1.08
2015-05-29,1645235,1900938,3546173,1.16
2015-06-01,1727482,1476002,3203484,0.85
2015-06-02,1565428,1475673,3041101,0.94
2015-06-03,1483529,1345624,2829153,0.91
2015-06-04,1998886,2314387,4313273,1.16
2015-06-05,2006096,2076680,4082776,1.04
2015-06-08,1852588,1871743,3724331,1.01
2015-06-09,1806052,1626827,3432879,0.9
2015-06-10,3182782,1970518,5153300,0.62
2015-06-11,1864098,1564890,3428988,0.84
2015-06-12,1969790,2094637,4064427,1.06
2015-06-15,1994431,1778422,3772853,0.89
2015-06-16,2369290,1769711,4139001,0.75
2015-06-17,2137890,1820116,3958006,0.85
2015-06-18,2645780,2360919,5006699,0.89
2015-06-19,2216073,2052467,4268540,0.93
2015-06-22,1837580,1636009,3473589,0.89
2015-06-23,1617319,1564176,3181495,0.97
2015-06-24,1705506,1541405,3246911,0.9
2015-06-25,1468726,1589548,3058274,1.08
2015-06-26,1993074,2110321,4103395,1.06
2015-06-29,2423841,3349495,5773336,1.38
2015-06-30,2236023,2462982,4699005,1.1
2015-07-01,1733712,1998029,3731741,1.15
2015-07-02,2081400,2089061,4170461,1.0
2015-07-06,1849335,2129546,3978881,1.15
2015-07-07,2175511,2704936,4880447,1.24
2015-07-08,1718728,2488688,4207416,1.45
2015-07-09,1939475,2255809,4195284,1.16
2015-07-10,2235589,2270394,4505983,1.02
2015-07-13,3615693,2075720,5691413,0.57
2015-07-14,2004971,1953244,3958215,0.97
2015-07-15,1861634,1808055,3669689,0.97
2015-07-16,2671749,2353356,5025105,0.88
2015-07-17,2556288,2165927,4722215,0.85
2015-07-20,2156430,1971379,4127809,0.91
2015-07-21,1882652,1711035,3593687,0.91
2015-07-22,2138631,1823567,3962198,0.85
2015-07-23,2240164,2309079,4549243,1.03
2015-07-24,2085449,2949877,5035326,1.41
2015-07-27,2003928,2439617,4443545,1.22
2015-07-28,1869541,1742186,3611727,0.93
2015-07-29,1898253,1714062,3612315,0.9
2015-07-30,1732171,1316018,3048189,0.76
2015-07-31,1628965,1803108,3432073,1.11
2015-08-03,1955423,1903780,3859203,0.97
2015-08-04,1525062,1424389,2949451,0.93
2015-08-05,1851244,1815785,3667029,0.98
2015-08-06,2061925,2672269,4734194,1.3
2015-08-07,1958989,2406877,4365866,1.23
2015-08-10,2809353,1579205,4388558,0.56
2015-08-11,2117178,2335583,4452761,1.1
2015-08-12,2881884,2985685,5867569,1.04
2015-08-13,1901898,1820274,3722172,0.96
2015-08-14,1762594,1772645,3535239,1.01
2015-08-17,2450661,2179199,4629860,0.89
2015-08-18,1829891,1718872,3548763,0.94
2015-08-19,2410027,2687027,5097054,1.11
2015-08-20,2990668,3969629,6960297,1.33
2015-08-21,4099169,6938258,11037427,1.69
2015-08-24,3760586,4798833,8559419,1.28
2015-08-25,2905902,3619240,6525142,1.25
2015-08-26,3462454,3612140,7074594,1.04
2015-08-27,2786594,3349311,6135905,1.2
2015-08-28,2037537,2605442,4642979,1.28
2015-08-31,1692258,2010980,3703238,1.19
2015-09-01,2600270,3226691,5826961,1.24
2015-09-02,1791171,2348736,4139907,1.31
2015-09-03,2079587,2335114,4414701,1.12
2015-09-04,1767730,2616692,4384422,1.48
2015-09-08,1980470,1837278,3817748,0.93
2015-09-09,2202852,2263177,4466029,1.03
2015-09-10,1818937,2161644,3980581,1.19
2015-09-11,1783785,2152895,3936680,1.21
2015-09-14,1584907,1639490,3224397,1.03
2015-09-15,2246348,2619831,4866179,1.17
2015-09-16,2191621,2622317,4813938,1.2
2015-09-17,2964585,2726416,5691001,0.92
2015-09-18,2411832,2760610,5172442,1.14
2015-09-21,1946567,1952761,3899328,1.0
2015-09-22,1862242,2160450,4022692,1.16
2015-09-23,1586698,1660927,3247625,1.05
2015-09-24,2212903,2275370,4488273,1.03
2015-09-25,1819188,2359180,4178368,1.3
2015-09-28,1886992,2708248,4595240,1.44
2015-09-29,1605412,2207041,3812453,1.37
2015-09-30,2368963,1994298,4363261,0.84
2015-10-01,1728368,1676942,3405310,0.97
2015-10-02,2301334,2512601,4813935,1.09
2015-10-05,2311215,2323636,4634851,1.01
2015-10-06,1846786,1718559,3565345,0.93
2015-10-07,1921640,2092025,4013665,1.09
2015-10-08,2298220,2144275,4442495,0.93
2015-10-09,2203369,1924963,4128332,0.87
2015-10-12,1576006,1478272,3054278,0.94
2015-10-13,2228667,2016771,4245438,0.9
2015-10-14,2086119,2011787,4097906,0.96
2015-10-15,2223916,2473064,4696980,1.11
2015-10-16,2770680,2396973,5167653,0.87
2015-10-19,2099833,1860357,3960190,0.89
2015-10-20,1655247,1646852,3302099,0.99
2015-10-21,1969451,1885257,3854708,0.96
2015-10-22,2221712,2019904,4241616,0.91
2015-10-23,3213706,2468596,5682302,0.77
2015-10-26,1555560,1479784,3035344,0.95
2015-10-27,1651825,1631891,3283716,0.99
2015-10-28,2417670,1855874,4273544,0.77
2015-10-29,2249134,1936891,4186025,0.86
2015-10-30,2144977,2036192,4181169,0.95
2015-11-02,1739458,1529121,3268579,0.88
2015-11-03,2071570,1970841,4042411,0.95
2015-11-04,1856964,1855109,3712073,1.0
2015-11-05,1837852,1948844,3786696,1.06
2015-11-06,2314120,2406459,4720579,1.04
2015-11-09,1935326,2137122,4072448,1.1
2015-11-10,1627111,1621511,3248622,1.0
2015-11-11,1467154,1287629,2754783,0.88
2015-11-12,1991527,2438322,4429849,1.22
2015-11-13,2991737,3462553,6454290,1.16
2015-11-16,2324807,2039910,4364717,0.88
2015-11-17,2340280,2063035,4403315,0.88
2015-11-18,2259530,2295470,4555000,1.02
2015-11-19,2060759,1948769,4009528,0.95
2015-11-20,2136491,2002038,4138529,0.94
2015-11-23,1490843,1541095,3031938,1.03
2015-11-24,1415323,1497953,2913276,1.06
2015-11-25,1194100,1236936,2431036,1.04
2015-11-27,808983,905417,1714400,1.12
2015-11-30,1355123,1585936,2941059,1.17
2015-12-01,1527948,1640758,3168706,1.07
2015-12-02,1702476,1775444,3477920,1.04
2015-12-03,2081045,2325763,4406808,1.12
2015-12-04,2155288,1942347,4097635,0.9
2015-12-07,1508260,1529160,3037420,1.01
2015-12-08,1397892,1510858,2908750,1.08
2015-12-09,2120941,1969148,4090089,0.93
2015-12-10,1381640,1723442,3105082,1.25
2015-12-11,3212681,3484234,6696915,1.08
2015-12-14,3321763,3032973,6354736,0.91
2015-12-15,2301952,2028761,4330713,0.88
2015-12-16,2846437,2129792,4976229,0.75
2015-12-17,2152706,2118502,4271208,0.98
2015-12-18,2658652,2739445,5398097,1.03
2015-12-21,1623042,1362159,2985201,0.84
2015-12-22,1505637,1380294,2885931,0.92
2015-12-23,1802042,1506243,3308285,0.84
2015-12-24,785993,724360,1510353,0.92
2015-12-28,893098,1165989,2059087,1.31
2015-12-29,1334464,1094767,2429231,0.82
2015-12-30,1057050,1058568,2115618,1.0
2015-12-31,1313721,1362375,2676096,1.04
2016-01-04,2152059,2318308,4470367,1.08
2016-01-05,1548597,1551189,3099786,1.0
2016-01-06,2111471,2166897,4278368,1.03
2016-01-07,2673682,3701539,6375221,1.38
2016-01-08,2194530,2942220,5136750,1.34
2016-01-11,2648661,2982001,5630662,1.13
2016-01-12,2008767,2057346,4066113,1.02
2016-01-13,2269930,2734544,5004474,1.2
2016-01-14,3441547,3500810,6942357,1.02
2016-01-15,3167688,4808738,7976426,1.52
2016-01-19,2321044,2094528,4415572,0.9
2016-01-20,3536277,4189165,7725442,1.18
2016-01-21,2029567,2226015,4255582,1.1
2016-01-22,2113515,2344117,4457632,1.11
2016-01-25,1447809,1490857,2938666,1.03
2016-01-26,1632241,1443064,3075305,0.88
2016-01-27,1956550,1858828,3815378,0.95
2016-01-28,1977640,1717642,3695282,0.87
2016-01-29,2662269,2433017,5095286,0.91
2016-02-01,1506401,1537564,3043965,1.02
2016-02-02,1865021,1913534,3778555,1.03
2016-02-03,2438579,2067832,4506411,0.85
2016-02-04,2121221,1983991,4105212,0.94
2016-02-05,2408324,2328896,4737220,0.97
2016-02-08,2420277,2814224,5234501,1.16
2016-02-09,2144730,1971707,4116437,0.92
2016-02-10,1663625,1812785,3476410,1.09
2016-02-11,2905705,2786940,5692645,0.96
2016-02-12,2395596,2205393,4600989,0.92
2016-02-16,2189551,2083006,4272557,0.95
2016-02-17,2431862,2722198,5154060,1.12
2016-02-18,1938820,2074547,4013367,1.07
2016-02-19,2327780,2456680,4784460,1.06
2016-02-22,2160175,2020117,4180292,0.94
2016-02-23,1495723,1681047,3176770,1.12
2016-02-24,1973669,2066362,4040031,1.05
2016-02-25,1675697,1555914,3231611,0.93
2016-02-26,2113738,2118623,4232361,1.0
2016-02-29,1549879,1871219,3421098,1.21
2016-03-01,2249494,1995177,4244671,0.89
2016-03-02,2453652,1969980,4423632,0.8
2016-03-03,2728219,2111351,4839570,0.77
2016-03-04,3292123,2758459,6050582,0.84
2016-03-07,1913157,1621630,3534787,0.85
2016-03-08,1832399,1801083,3633482,0.98
2016-03-09,1572583,1446970,3019553,0.92
2016-03-10,1911877,1901901,3813778,0.99
2016-03-11,2444121,2477474,4921595,1.01
2016-03-14,1666462,1522408,3188870,0.91
2016-03-15,1848130,1662297,3510427,0.9
2016-03-16,2240692,2013419,4254111,0.9
2016-03-17,3320210,2251396,5571606,0.68
2016-03-18,2905731,2269666,5175397,0.78
2016-03-21,1424803,1261059,2685862,0.89
2016-03-22,1488410,1585824,3074234,1.07
2016-03-23,1636287,1695635,3331922,1.04
2016-03-24,1800702,1913431,3714133,1.06
2016-03-28,1312236,1019196,2331432,0.78
2016-03-29,1826457,1772993,3599450,0.97
2016-03-30,2278551,2567147,4845698,1.13
2016-03-31,1574390,1811251,3385641,1.15
2016-04-01,1745711,1677486,3423197,0.96
2016-04-04,1376037,1333836,2709873,0.97
2016-04-05,1376317,1555317,2931634,1.13
2016-04-06,1569854,1552189,3122043,0.99
2016-04-07,1888869,1929226,3818095,1.02
2016-04-08,1594557,1588923,3183480,1.0
2016-04-11,1531136,1326707,2857843,0.87
2016-04-12,1835927,1708790,3544717,0.93
2016-04-13,3101775,1903762,5005537,0.61
2016-04-14,2078387,1779326,3857713,0.86
2016-04-15,2243318,1805753,4049071,0.8
2016-04-18,1926358,1895611,3821969,0.98
2016-04-19,3135033,1949555,5084588,0.62
2016-04-20,2389249,2114019,4503268,0.88
2016-04-21,1678589,1958474,3637063,1.17
2016-04-22,1851679,1820619,3672298,0.98
2016-04-25,1628137,1231738,2859875,0.76
2016-04-26,1607484,1288195,2895679,0.8
2016-04-27,1931596,1970291,3901887,1.02
2016-04-28,2073536,2071143,4144679,1.0
2016-04-29,2489029,2888120,5377149,1.16
2016-05-02,1443109,1564576,3007685,1.08
2016-05-03,1730670,1904768,3635438,1.1
2016-05-04,1803570,1958527,3762097,1.09
2016-05-05,1470547,1760960,3231507,1.2
2016-05-06,1972673,2356602,4329275,1.19
2016-05-09,1357577,1549626,2907203,1.14
2016-05-10,1953694,2088151,4041845,1.07
2016-05-11,1925907,1784203,3710110,0.93
2016-05-12,1791608,2284378,4075986,1.28
2016-05-13,1903177,2190289,4093466,1.15
2016-05-16,1971766,1525166,3496932,0.77
2016-05-17,1985357,2395582,4380939,1.21
2016-05-18,2165620,2205292,4370912,1.02
2016-05-19,1911676,2610063,4521739,1.37
2016-05-20,1924117,1991879,3915996,1.04
2016-05-23,1495372,1503650,2999022,1.01
2016-05-24,1992752,2009024,4001776,1.01
2016-05-25,2309584,2250524,4560108,0.97
2016-05-26,1645892,1527950,3173842,0.93
2016-05-27,1854550,1677074,3531624,0.9
2016-05-31,2015045,1865484,3880529,0.93
2016-06-01,1669339,1732771,3402110,1.04
2016-06-02,1747012,1592621,3339633,0.91
2016-06-03,2198715,1926222,4124937,0.88
2016-06-06,2245175,1657121,3902296,0.74
2016-06-07,2047372,1736982,3784354,0.85
2016-06-08,1887496,1625794,3513290,0.86
2016-06-09,1788796,1689189,3477985,0.94
2016-06-10,2382864,2595526,4978390,1.09
2016-06-13,2847834,2631531,5479365,0.92
2016-06-14,2747811,2838745,5586556,1.03
2016-06-15,1833708,2149426,3983134,1.17
2016-06-16,2322680,3239327,5562007,1.39
2016-06-17,2258989,2500313,4759302,1.11
2016-06-20,1916774,1906936,3823710,0.99
2016-06-21,1749776,1764470,3514246,1.01
2016-06-22,2258543,2356340,4614883,1.04
2016-06-23,1925692,2458609,4384301,1.28
2016-06-24,3227996,4005549,7233545,1.24
2016-06-27,2797963,3621460,6419423,1.29
2016-06-28,2332870,2660530,4993400,1.14
2016-06-29,2609724,3040729,5650453,1.17
2016-06-30,2557045,3154168,5711213,1.23
2016-07-01,2594558,2388546,4983104,0.92
2016-07-05,1634589,2031292,3665881,1.24
2016-07-06,1999960,2024288,4024248,1.01
2016-07-07,2095479,1799943,3895422,0.86
2016-07-08,3419861,2508807,5928668,0.73
2016-07-11,2639681,2017486,4657167,0.76
2016-07-12,2787630,2213944,5001574,0.79
2016-07-13,2053700,1828724,3882424,0.89
2016-07-14,3484611,2148967,5633578,0.62
2016-07-15,2305377,1948341,4253718,0.85
2016-07-18,1901625,1745131,3646756,0.92
2016-07-19,1907978,1764799,3672777,0.92
2016-07-20,2467887,1957307,4425194,0.79
2016-07-21,1904713,1805943,3710656,0.95
2016-07-22,2118825,1729375,3848200,0.82
2016-07-25,1762494,1610089,3372583,0.91
2016-07-26,1748955,1600611,3349566,0.92
2016-07-27,2055232,1884286,3939518,0.92
2016-07-28,2143616,1933110,4076726,0.9
2016-07-29,2077687,2488605,4566292,1.2
2016-08-01,1552958,2098234,3651192,1.35
2016-08-02,1872589,2158930,4031519,1.15
2016-08-03,1513253,1427641,2940894,0.94
2016-08-04,1631233,1510736,3141969,0.93
2016-08-05,2740384,2528435,5268819,0.92
2016-08-08,1787811,1754249,3542060,0.98
2016-08-09,1773203,1615510,3388713,0.91
2016-08-10,1868872,1633478,3502350,0.87
2016-08-11,1859726,1770806,3630532,0.95
2016-08-12,2253730,1718969,3972699,0.76
2016-08-15,2137139,1657076,3794215,0.78
2016-08-16,1899643,1961047,3860690,1.03
2016-08-17,2176348,1954500,4130848,0.9
2016-08-18,1913020,1650638,3563658,0.86
2016-08-19,2162825,1826172,3988997,0.84
2016-08-22,1689275,1527411,3216686,0.9
2016-08-23,1825263,1568342,3393605,0.86
2016-08-24,2095310,1938519,4033829,0.93
2016-08-25,1483413,1708350,3191763,1.15
2016-08-26,2312206,2405415,4717621,1.04
2016-08-29,1501774,1403414,2905188,0.93
2016-08-30,1577532,1523872,3101404,0.97
2016-08-31,1606269,1920730,3526999,1.2
2016-09-01,1888047,1906175,3794222,1.01
2016-09-02,2162631,2083541,4246172,0.96
2016-09-06,2256770,1965386,4222156,0.87
2016-09-07,1965803,1744345,3710148,0.89
2016-09-08,1898049,1840466,3738515,0.97
2016-09-09,3486148,4105647,7591795,1.18
2016-09-12,2848990,2842110,5691100,1.0
2016-09-13,2821948,2767005,5588953,0.98
2016-09-14,2412891,2638520,5051411,1.09
2016-09-15,2611806,2201500,4813306,0.84
2016-09-16,2467901,2460250,4928151,1.0
2016-09-19,2102237,1663791,3766028,0.79
2016-09-20,1870716,1831675,3702391,0.98
2016-09-21,2449456,2444032,4893488,1.0
2016-09-22,2545328,2468807,5014135,0.97
2016-09-23,2114599,2215269,4329868,1.05
2016-09-26,1678444,1934200,3612644,1.15
2016-09-27,1648152,1634369,3282521,0.99
2016-09-28,1868013,1677155,3545168,0.9
2016-09-29,2354373,2449426,4803799,1.04
2016-09-30,2062710,2076480,4139190,1.01
2016-10-03,1435770,1523389,2959159,1.06
2016-10-04,1936762,1751144,3687906,0.9
2016-10-05,1973409,1515657,3489066,0.77
2016-10-06,1790155,1783724,3573879,1.0
2016-10-07,1762194,2081023,3843217,1.18
2016-10-10,1619968,1510985,3130953,0.93
2016-10-11,2297504,2566380,4863884,1.12
2016-10-12,1595535,1685295,3280830,1.06
2016-10-13,2282346,2215854,4498200,0.97
2016-10-14,2137468,2017653,4155121,0.94
2016-10-17,1518629,1470178,2988807,0.97
2016-10-18,1982459,1932738,3915197,0.97
2016-10-19,1995811,1895783,3891594,0.95
2016-10-20,1946131,1926066,3872197,0.99
2016-10-21,2437915,2371071,4808986,0.97
2016-10-24,1664592,1556096,3220688,0.93
2016-10-25,1711059,1657294,3368353,0.97
2016-10-26,1817490,1643429,3460919,0.9
2016-10-27,2143918,1800377,3944295,0.84
2016-10-28,2382744,2647661,5030405,1.11
2016-10-31,1643838,1734949,3378787,1.06
2016-11-01,2108952,3009635,5118587,1.43
2016-11-02,1982695,2588069,4570764,1.31
2016-11-03,2359955,2804773,5164728,1.19
2016-11-04,2732724,3749380,6482104,1.37
2016-11-07,2463858,3008251,5472109,1.22
2016-11-08,2211579,3283551,5495130,1.48
2016-11-09,3641178,3914176,7555354,1.07
2016-11-10,3726713,3326686,7053399,0.89
2016-11-11,2638988,2825389,5464377,1.07
2016-11-14,2905228,2635571,5540799,0.91
2016-11-15,2655801,2423578,5079379,0.91
2016-11-16,2408777,2464933,4873710,1.02
2016-11-17,2490632,2162922,4653554,0.87
2016-11-18,2330521,2197648,4528169,0.94
2016-11-21,2316247,1955106,4271353,0.84
2016-11-22,2115550,2105680,4221230,1.0
2016-11-23,1817286,1743228,3560514,0.96
2016-11-25,1551690,1238513,2790203,0.8
2016-11-28,1818765,1676384,3495149,0.92
2016-11-29,1477374,1414842,2892216,0.96
2016-11-30,2144476,1927411,4071887,0.9
2016-12-01,2229233,2107208,4336441,0.95
2016-12-02,1912161,1766106,3678267,0.92
2016-12-05,1888760,1628915,3517675,0.86
2016-12-06,1729315,1428908,3158223,0.83
2016-12-07,2970486,2492864,5463350,0.84
2016-12-08,3069374,2306219,5375593,0.75
2016-12-09,2806658,2290518,5097176,0.82
2016-12-12,2064364,1644313,3708677,0.8
2016-12-13,3274790,1977616,5252406,0.6
2016-12-14,2386986,2142003,4528989,0.9
2016-12-15,2418077,2061540,4479617,0.85
2016-12-16,2632634,2403816,5036450,0.91
2016-12-19,1726918,2019163,3746081,1.17
2016-12-20,1723785,1616501,3340286,0.94
2016-12-21,1787895,1645284,3433179,0.92
2016-12-22,1835368,1638134,3473502,0.89
2016-12-23,1149346,992739,2142085,0.86
2016-12-27,1048751,1069851,2118602,1.02
2016-12-28,1527796,1393317,2921113,0.91
2016-12-29,1376620,1299106,2675726,0.94
2016-12-30,1630190,1774835,3405025,1.09
2017-01-03,1808289,1767477,3575766,0.98
2017-01-04,1933639,1690512,3624151,0.87
2017-01-05,1737037,2011530,3748567,1.16
2017-01-06,2147915,2090158,4238073,0.97
2017-01-09,1522835,1524357,3047192,1.0
2017-01-10,1806645,1600779,3407424,0.89
2017-01-11,2222884,1875626,4098510,0.84
2017-01-12,1979866,2127889,4107755,1.07
2017-01-13,2154884,1976455,4131339,0.92
2017-01-17,2222018,2117287,4339305,0.95
2017-01-18,2185526,2345616,4531142,1.07
2017-01-19,2051053,1929763,3980816,0.94
2017-01-20,2469986,2468349,4938335,1.0
2017-01-23,1931817,1831465,3763282,0.95
2017-01-24,2383446,1802771,4186217,0.76
2017-01-25,3114558,2241235,5355793,0.72
2017-01-26,2125006,1845896,3970902,0.87
2017-01-27,2062738,2067651,4130389,1.0
2017-01-30,2006109,2197626,4203735,1.1
2017-01-31,1803349,1853263,3656612,1.03
2017-02-01,2028857,1855154,3884011,0.91
2017-02-02,1925627,1658517,3584144,0.86
2017-02-03,2999616,2289604,5289220,0.76
2017-02-06,1670585,1751110,3421695,1.05
2017-02-07,1780110,1955092,3735202,1.1
2017-02-08,2020999,1962602,3983601,0.97
2017-02-09,2392537,2235981,4628518,0.93
2017-02-10,2404905,2367078,4771983,0.98
2017-02-13,3195364,2123332,5318696,0.66
2017-02-14,3111080,2183727,5294807,0.7
2017-02-15,3284922,2743394,6028316,0.84
2017-02-16,2614487,2317647,4932134,0.89
2017-02-17,2518623,2348783,4867406,0.93
2017-02-21,2781018,2280700,5061718,0.82
2017-02-22,2080089,1850894,3930983,0.89
2017-02-23,2373203,1978872,4352075,0.83
2017-02-24,2753091,2282831,5035922,0.83
2017-02-27,2050008,1703819,3753827,0.83
2017-02-28,1853929,2208775,4062704,1.19
2017-03-01,3212624,2788432,6001056,0.87
2017-03-02,2143851,2196051,4339902,1.02
2017-03-03,2327595,2196175,4523770,0.94
2017-03-06,1932339,1739814,3672153,0.9
2017-03-07,2127508,1779687,3907195,0.84
2017-03-08,2070546,2022663,4093209,0.98
2017-03-09,1805260,2023692,3828952,1.12
2017-03-10,2373725,2099956,4473681,0.88
2017-03-13,1717187,1609360,3326547,0.94
2017-03-14,1848855,1718339,3567194,0.93
2017-03-15,3168524,2262169,5430693,0.71
2017-03-16,2320015,2102491,4422506,0.91
2017-03-17,2767874,2647528,5415402,0.96
2017-03-20,1989135,2105991,4095126,1.06
2017-03-21,3213017,3235885,6448902,1.01
2017-03-22,2681603,2646246,5327849,0.99
2017-03-23,1884379,2137346,4021725,1.13
2017-03-24,1983236,2407780,4391016,1.21
2017-03-27,1704610,1859887,3564497,1.09
2017-03-28,2133094,1855440,3988534,0.87
2017-03-29,1803757,1494286,3298043,0.83
2017-03-30,1915056,1791066,3706122,0.94
2017-03-31,1766748,2100229,3866977,1.19
2017-04-03,1837825,1808361,3646186,0.98
2017-04-04,1503908,1684297,3188205,1.12
2017-04-05,2396675,2201510,4598185,0.92
2017-04-06,1786455,1605472,3391927,0.9
2017-04-07,2272511,2170130,4442641,0.95
2017-04-10,2066786,2166952,4233738,1.05
2017-04-11,2608915,2373786,4982701,0.91
2017-04-12,2109270,2010609,4119879,0.95
2017-04-13,2772163,2710773,5482936,0.98
2017-04-17,2032595,1732022,3764617,0.85
2017-04-18,2666925,1723664,4390589,0.65
2017-04-19,3096764,2296447,5393211,0.74
2017-04-20,2601658,2350162,4951820,0.9
2017-04-21,2738376,2847329,5585705,1.04
2017-04-24,2511466,2639099,5150565,1.05
2017-04-25,3055166,2540819,5595985,0.83
2017-04-26,2223095,1746152,3969247,0.79
2017-04-27,2196598,2025217,4221815,0.92
2017-04-28,2200945,2116044,4316989,0.96
2017-05-01,1908015,1615863,3523878,0.85
2017-05-02,2156061,1610032,3766093,0.75
2017-05-03,1962478,2134361,4096839,1.09
2017-05-04,2065977,1874480,3940457,0.91
2017-05-05,2191316,2196345,4387661,1.0
2017-05-08,2168567,1844061,4012628,0.85
2017-05-09,2751062,2039418,4790480,0.74
2017-05-10,1931946,1816855,3748801,0.94
2017-05-11,2295691,2094606,4390297,0.91
2017-05-12,2373780,2013036,4386816,0.85
2017-05-15,2332027,1744569,4076596,0.75
2017-05-16,2594609,2047259,4641868,0.79
2017-05-17,3637616,3980395,7618011,1.09
2017-05-18,2893837,3270672,6164509,1.13
2017-05-19,2484975,2464536,4949511,0.99
2017-05-22,1949645,1670185,3619830,0.86
2017-05-23,1867032,1677078,3544110,0.9
2017-05-24,1813959,1692553,3506512,0.93
2017-05-25,2472649,2119786,4592435,0.86
2017-05-26,1754783,1594007,3348790,0.91
2017-05-30,1663759,1555893,3219652,0.94
2017-05-31,2006535,2022525,4029060,1.01
2017-06-01,1970026,1970099,3940125,1.0
2017-06-02,2732806,2249797,4982603,0.82
2017-06-05,2073571,1533356,3606927,0.74
2017-06-06,2383366,1838524,4221890,0.77
2017-06-07,1987998,1797512,3785510,0.9
2017-06-08,2281802,1600983,3882785,0.7
2017-06-09,3071639,3268386,6340025,1.06
2017-06-12,2264355,2184520,4448875,0.96
2017-06-13,1788923,1733828,3522751,0.97
2017-06-14,2524931,2108544,4633475,0.84
2017-06-15,2415991,2362496,4778487,0.98
2017-06-16,2146012,2329785,4475797,1.09
2017-06-19,2317531,1861197,4178728,0.8
2017-06-20,2546438,2120534,4666972,0.83
2017-06-21,2205292,1962986,4168278,0.89
2017-06-22,1877251,1508696,3385947,0.8
2017-06-23,1861927,1795743,3657670,0.96
2017-06-26,1949621,1572184,3521805,0.81
2017-06-27,2297022,1773426,4070448,0.77
2017-06-28,1958488,1851887,3810375,0.95
2017-06-29,2998849,2948432,5947281,0.98
2017-06-30,1708951,1924313,3633264,1.13
2017-07-03,1006365,965792,1972157,0.96
2017-07-05,1783344,1643271,3426615,0.92
2017-07-06,1971589,2213389,4184978,1.12
2017-07-07,2235251,2074381,4309632,0.93
2017-07-10,1849991,1691690,3541681,0.91
2017-07-11,1634507,1736736,3371243,1.06
2017-07-12,2656315,1876044,4532359,0.71
2017-07-13,1984852,1732148,3717000,0.87
2017-07-14,2508204,2095446,4603650,0.84
2017-07-17,1906557,1883938,3790495,0.99
2017-07-18,2399261,2086086,4485347,0.87
2017-07-19,2788800,2160150,4948950,0.77
2017-07-20,2740900,2030865,4771765,0.74
2017-07-21,3272588,2434987,5707575,0.74
2017-07-24,1872510,1540767,3413277,0.82
2017-07-25,2473651,1987484,4461135,0.8
2017-07-26,2726421,2012571,4738992,0.74
2017-07-27,2873137,2698288,5571425,0.94
2017-07-28,2381178,1979083,4360261,0.83
2017-07-31,1727625,1586586,3314211,0.92
2017-08-01,1991411,1750099,3741510,0.88
2017-08-02,2294284,2216302,4510586,0.97
2017-08-03,1743630,1757295,3500925,1.01
2017-08-04,2108142,2114185,4222327,1.0
2017-08-07,1752826,1632448,3385274,0.93
2017-08-08,2562474,2372244,4934718,0.93
2017-08-09,2998215,3186997,6185212,1.06
2017-08-10,4226386,3936437,8162823,0.93
2017-08-11,3892876,3788195,7681071,0.97
2017-08-14,2567177,2171946,4739123,0.85
2017-08-15,2429863,2298204,4728067,0.95
2017-08-16,2708202,2612422,5320624,0.96
2017-08-17,3070282,3277046,6347328,1.07
2017-08-18,3044841,3377201,6422042,1.11
2017-08-21,1955676,1932742,3888418,0.99
2017-08-22,2172858,2222721,4395579,1.02
2017-08-23,1850247,1743204,3593451,0.94
2017-08-24,1558944,1697223,3256167,1.09
2017-08-25,1811212,1811692,3622904,1.0
2017-08-28,1610391,1492300,3102691,0.93
2017-08-29,2246054,1733712,3979766,0.77
2017-08-30,2151784,1793699,3945483,0.83
2017-08-31,2219446,2343089,4562535,1.06
2017-09-01,2338190,1937896,4276086,0.83
2017-09-05,2522268,2939712,5461980,1.17
2017-09-06,1999972,1894759,3894731,0.95
2017-09-07,1850055,2093367,3943422,1.13
2017-09-08,2119030,2308551,4427581,1.09
2017-09-11,2658218,2481257,5139475,0.93
2017-09-12,2753292,2312510,5065802,0.84
2017-09-13,2413845,1959135,4372980,0.81
2017-09-14,2739097,2167871,4906968,0.79
2017-09-15,2333131,2516185,4849316,1.08
2017-09-18,2842278,2602711,5444989,0.92
2017-09-19,2290919,1748712,4039631,0.76
2017-09-20,2698490,2376716,5075206,0.88
2017-09-21,1950744,1637734,3588478,0.84
2017-09-22,1858310,1822505,3680815,0.98
2017-09-25,3728877,2625060,6353937,0.7
2017-09-26,1754495,1645340,3399835,0.94
2017-09-27,2714858,2254590,4969448,0.83
2017-09-28,2189465,1587621,3777086,0.73
2017-09-29,2168004,2270017,4438021,1.05
2017-10-02,2740371,2553213,5293584,0.93
2017-10-03,2570234,1843090,4413324,0.72
2017-10-04,2345432,1947061,4292493,0.83
2017-10-05,2711279,2267147,4978426,0.84
2017-10-06,2567176,2235889,4803065,0.87
2017-10-09,1690034,1650444,3340478,0.98
2017-10-10,2235766,1629549,3865315,0.73
2017-10-11,1837558,1649463,3487021,0.9
2017-10-12,2048172,2149866,4198038,1.05
2017-10-13,2464214,2106686,4570900,0.85
2017-10-16,2246237,2620149,4866386,1.17
2017-10-17,2584935,2131082,4716017,0.82
2017-10-18,2381238,2253658,4634896,0.95
2017-10-19,2472489,2409194,4881683,0.97
2017-10-20,3356457,2727601,6084058,0.81
2017-10-23,2501138,2460982,4962120,0.98
2017-10-24,2043132,1602677,3645809,0.78
2017-10-25,2516081,2916104,5432185,1.16
2017-10-26,1914630,1674195,3588825,0.87
2017-10-27,2789949,2466856,5256805,0.88
2017-10-30,2110947,1987559,4098506,0.94
2017-10-31,1916966,1669085,3586051,0.87
2017-11-01,2540920,2401263,4942183,0.95
2017-11-02,2159678,1870503,4030181,0.87
2017-11-03,2484793,2326353,4811146,0.94
2017-11-06,2338427,2150427,4488854,0.92
2017-11-07,2524206,2581966,5106172,1.02
2017-11-08,1980811,1922667,3903478,0.97
2017-11-09,2909701,3187089,6096790,1.1
2017-11-10,2129749,2509242,4638991,1.18
2017-11-13,2273171,2044674,4317845,0.9
2017-11-14,2837392,2549590,5386982,0.9
2017-11-15,2535348,2637935,5173283,1.04
2017-11-16,2491881,2376932,4868813,0.95
2017-11-17,3048964,2429295,5478259,0.8
2017-11-20,2033651,1870021,3903672,0.92
2017-11-21,2680121,2271984,4952105,0.85
2017-11-22,1928283,1794982,3723265,0.93
2017-11-24,1251595,1082942,2334537,0.87
2017-11-27,2639368,1899963,4539331,0.72
2017-11-28,3470884,2351297,5822181,0.68
2017-11-29,3575354,2545982,6121336,0.71
2017-11-30,3408319,2908269,6316588,0.85
2017-12-01,4931810,3844911,8776721,0.78
2017-12-04,2951558,2474121,5425679,0.84
2017-12-05,2260193,1869249,4129442,0.83
2017-12-06,2305819,1878417,4184236,0.81
2017-12-07,2078340,1743790,3822130,0.84
2017-12-08,2210588,2074388,4284976,0.94
2017-12-11,2198385,1793454,3991839,0.82
2017-12-12,2696592,2302990,4999582,0.85
2017-12-13,2426921,1829639,4256560,0.75
2017-12-14,2722494,2177986,4900480,0.8
2017-12-15,3046458,2960539,6006997,0.97
2017-12-18,3401393,2344881,5746274,0.69
2017-12-19,2336790,2039429,4376219,0.87
2017-12-20,2350513,1890473,4240986,0.8
2017-12-21,1880948,1586416,3467364,0.84
2017-12-22,1690318,1608397,3298715,0.95
2017-12-26,1218646,1207112,2425758,0.99
2017-12-27,1313192,1249654,2562846,0.95
2017-12-28,1331472,1505412,2836884,1.13
2017-12-29,1803707,2000817,3804524,1.11
2018-01-02,2445115,2141925,4587040,0.88
2018-01-03,2883852,2463057,5346909,0.85
2018-01-04,3165683,2610892,5776575,0.82
2018-01-05,3016852,2776495,5793347,0.92
2018-01-08,3394444,2197476,5591920,0.65
2018-01-09,2582149,2080375,4662524,0.81
2018-01-10,4096432,2938080,7034512,0.72
2018-01-11,3434987,2461711,5896698,0.72
2018-01-12,4074628,3009461,7084089,0.74
2018-01-16,4752440,3293417,8045857,0.69
2018-01-17,3556929,2824513,6381442,0.79
2018-01-18,2973999,2472743,5446742,0.83
2018-01-19,2914279,2505421,5419700,0.86
2018-01-22,2777291,2480774,5258065,0.89
2018-01-23,3641740,2337131,5978871,0.64
2018-01-24,3677757,3098203,6775960,0.84
2018-01-25,2459361,1978554,4437915,0.8
2018-01-26,3121810,2467613,5589423,0.79
2018-01-29,3305058,2461877,5766935,0.74
2018-01-30,3107839,2952811,6060650,0.95
2018-01-31,3064194,2761194,5825388,0.9
2018-02-01,2598192,2353492,4951684,0.91
2018-02-02,6035199,5419273,11454472,0.9
2018-02-05,5923125,5428719,11351844,0.92
2018-02-06,5744211,5671878,11416089,0.99
2018-02-07,4056533,3672534,7729067,0.91
2018-02-08,3919462,4449451,8368913,1.14
2018-02-09,3992597,5237354,9229951,1.31
2018-02-12,3570113,3368360,6938473,0.94
2018-02-13,3039673,2903417,5943090,0.96
2018-02-14,2981929,3481044,6462973,1.17
2018-02-15,3179289,2929984,6109273,0.92
2018-02-16,3307999,3067685,6375684,0.93
2018-02-20,2396334,2055649,4451983,0.86
2018-02-21,2191609,2324659,4516268,1.06
2018-02-22,1899679,2135345,4035024,1.12
2018-02-23,2484710,2497317,4982027,1.01
2018-02-26,2714184,2517310,5231494,0.93
2018-02-27,2433665,2541480,4975145,1.04
2018-02-28,2331028,2519469,4850497,1.08
2018-03-01,2952565,3799160,6751725,1.29
2018-03-02,3014121,3494660,6508781,1.16
2018-03-05,2426392,2419114,4845506,1.0
2018-03-06,1938406,1796650,3735056,0.93
2018-03-07,2010408,2102644,4113052,1.05
2018-03-08,2254485,2028401,4282886,0.9
2018-03-09,3995513,3249780,7245293,0.81
2018-03-12,2566054,2237392,4803446,0.87
2018-03-13,2669172,2324142,4993314,0.87
2018-03-14,2401449,2524710,4926159,1.05
2018-03-15,2345547,2099141,4444688,0.89
2018-03-16,2741692,2626234,5367926,0.96
2018-03-19,3105750,3167511,6273261,1.02
2018-03-20,2402442,2008289,4410731,0.84
2018-03-21,1961228,2275520,4236748,1.16
2018-03-22,2505955,3067832,5573787,1.22
2018-03-23,2768463,4250717,7019180,1.54
2018-03-26,2356929,2776638,5133567,1.18
2018-03-27,2222132,2387731,4609863,1.07
2018-03-28,2260325,3039852,5300177,1.34
2018-03-29,2653399,2518483,5171882,0.95
2018-04-02,2490145,3176304,5666449,1.28
2018-04-03,1994235,2078774,4073009,1.04
2018-04-04,2391309,2338932,4730241,0.98
2018-04-05,2409099,2050905,4460004,0.85
2018-04-06,2596227,2669035,5265262,1.03
2018-04-09,1942913,1907705,3850618,0.98
2018-04-10,2333182,1983310,4316492,0.85
2018-04-11,2194995,2249274,4444269,1.02
2018-04-12,2070974,2057893,4128867,0.99
2018-04-13,2640665,2599182,5239847,0.98
2018-04-16,2520498,2360346,4880844,0.94
2018-04-17,3388780,3252402,6641182,0.96
2018-04-18,2570519,2472795,5043314,0.96
2018-04-19,2479986,2412028,4892014,0.97
2018-04-20,2608897,2554595,5163492,0.98
2018-04-23,1790344,1667994,3458338,0.93
2018-04-24,2522209,2626697,5148906,1.04
2018-04-25,2456417,2361919,4818336,0.96
2018-04-26,2702626,2229250,4931876,0.82
2018-04-27,2392718,2112734,4505452,0.88
2018-04-30,2094443,1926434,4020877,0.92
2018-05-01,1736096,1931217,3667313,1.11
2018-05-02,1959421,1816640,3776061,0.93
2018-05-03,2419224,2479126,4898350,1.02
2018-05-04,2480642,2379035,4859677,0.96
2018-05-07,2015133,1881086,3896219,0.93
2018-05-08,1911680,1590424,3502104,0.83
2018-05-09,2651640,2220965,4872605,0.84
2018-05-10,3082534,2502750,5585284,0.81
2018-05-11,2631260,2586964,5218224,0.98
2018-05-14,2315321,2033245,4348566,0.88
2018-05-15,1954687,2176018,4130705,1.11
2018-05-16,2053586,1819625,3873211,0.89
2018-05-17,2200251,1835056,4035307,0.83
2018-05-18,1970493,2022220,3992713,1.03
2018-05-21,2121011,1749069,3870080,0.82
2018-05-22,1892767,1568313,3461080,0.83
2018-05-23,1873493,1852456,3725949,0.99
2018-05-24,1923434,1673318,3596752,0.87
2018-05-25,1966658,1801471,3768129,0.92
2018-05-29,2240205,2443511,4683716,1.09
2018-05-30,2063377,2032385,4095762,0.98
2018-05-31,1955639,2210641,4166280,1.13
2018-06-01,2345718,2007095,4352813,0.86
2018-06-04,2066974,1682476,3749450,0.81
2018-06-05,2083677,1608045,3691722,0.77
2018-06-06,2653437,2197211,4850648,0.83
2018-06-07,2614682,2401313,5015995,0.92
2018-06-08,1962230,1860246,3822476,0.95
2018-06-11,2424465,1788371,4212836,0.74
2018-06-12,2551222,1826461,4377683,0.72
2018-06-13,2571941,1905661,4477602,0.74
2018-06-14,2566042,2396034,4962076,0.93
2018-06-15,2677100,2486647,5163747,0.93
2018-06-18,2137943,2191990,4329933,1.03
2018-06-19,2637129,2210659,4847788,0.84
2018-06-20,2167440,1935969,4103409,0.89
2018-06-21,2012605,2065604,4078209,1.03
2018-06-22,2049871,1757812,3807683,0.86
2018-06-25,3030070,3345158,6375228,1.1
2018-06-26,2032970,1855313,3888283,0.91
2018-06-27,2162929,2344281,4507210,1.08
2018-06-28,2014191,2660840,4675031,1.32
2018-06-29,1795504,2224736,4020240,1.24
2018-07-02,1535022,1623039,3158061,1.06
2018-07-03,1029070,1101941,2131011,1.07
2018-07-05,1639929,1499444,3139373,0.91
2018-07-06,1948665,1954384,3903049,1.0
2018-07-09,2397498,2204464,4601962,0.92
2018-07-10,2121207,2089126,4210333,0.98
2018-07-11,1773591,1811487,3585078,1.02
2018-07-12,2138806,1965266,4104072,0.92
2018-07-13,2271804,2233691,4505495,0.98
2018-07-16,1861465,1850342,3711807,0.99
2018-07-17,2319537,2202099,4521636,0.95
2018-07-18,2232910,1898850,4131760,0.85
2018-07-19,2158181,1945921,4104102,0.9
2018-07-20,2363711,2312179,4675890,0.98
2018-07-23,2040734,1739962,3780696,0.85
2018-07-24,2466823,2255765,4722588,0.91
2018-07-25,2330402,1912089,4242491,0.82
2018-07-26,2431074,1799590,4230664,0.74
2018-07-27,2391504,2515110,4906614,1.05
2018-07-30,1988652,2217683,4206335,1.12
2018-07-31,1975006,1979711,3954717,1.0
2018-08-01,1779692,1810774,3590466,1.02
2018-08-02,2234188,2161001,4395189,0.97
2018-08-03,2087391,1885233,3972624,0.9
2018-08-06,2084790,1880817,3965607,0.9
2018-08-07,2281670,2098657,4380327,0.92
2018-08-08,2143650,2028669,4172319,0.95
2018-08-09,2089285,1781703,3870988,0.85
2018-08-10,2375732,2857609,5233341,1.2
2018-08-13,2015881,2185756,4201637,1.08
2018-08-14,1825606,1659436,3485042,0.91
2018-08-15,2942542,3425302,6367844,1.16
2018-08-16,2539634,2388096,4927730,0.94
2018-08-17,2500748,2593075,5093823,1.04
2018-08-20,2119103,1684544,3803647,0.79
2018-08-21,2604872,2115002,4719874,0.81
2018-08-22,1960269,1888324,3848593,0.96
2018-08-23,1899488,1957529,3857017,1.03
2018-08-24,2205641,2039883,4245524,0.92
2018-08-27,2800369,2059543,4859912,0.74
2018-08-28,2265544,1832909,4098453,0.81
2018-08-29,2434059,2062848,4496907,0.85
2018-08-30,2527602,2077976,4605578,0.82
2018-08-31,2076080,2132921,4209001,1.03
2018-09-04,2185929,1865265,4051194,0.85
2018-09-05,2279768,2255413,4535181,0.99
2018-09-06,2302409,2428537,4730946,1.05
2018-09-07,2096536,2460550,4557086,1.17
2018-09-10,1557770,1798751,3356521,1.15
2018-09-11,1997655,1749177,3746832,0.88
2018-09-12,2423997,1993993,4417990,0.82
2018-09-13,2829162,2367598,5196760,0.84
2018-09-14,2617524,2164861,4782385,0.83
2018-09-17,2189143,2024136,4213279,0.92
2018-09-18,2347465,1946520,4293985,0.83
2018-09-19,2483086,2356882,4839968,0.95
2018-09-20,3183329,2824592,6007921,0.89
2018-09-21,2802023,2753133,5555156,0.98
2018-09-24,1900664,1860584,3761248,0.98
2018-09-25,1730192,1528267,3258459,0.88
2018-09-26,2162974,1890371,4053345,0.87
2018-09-27,1983927,1863912,3847839,0.94
2018-09-28,2288654,2436205,4724859,1.06
2018-10-01,1951649,1974084,3925733,1.01
2018-10-02,1943970,1548526,3492496,0.8
2018-10-03,2326096,1996688,4322784,0.86
2018-10-04,3124387,3327771,6452158,1.07
2018-10-05,2834942,3355363,6190305,1.18
2018-10-08,2395866,2814171,5210037,1.17
2018-10-09,2158299,2037157,4195456,0.94
2018-10-10,4053501,4929041,8982542,1.22
2018-10-11,4568540,5409370,9977910,1.18
2018-10-12,3451863,4008069,7459932,1.16
2018-10-15,2817052,2693744,5510796,0.96
2018-10-16,2939656,3033662,5973318,1.03
2018-10-17,2386571,2782555,5169126,1.17
2018-10-18,2323526,3025107,5348633,1.3
2018-10-19,2713002,3089192,5802194,1.14
2018-10-22,1959408,2088751,4048159,1.07
2018-10-23,3310613,3431708,6742321,1.04
2018-10-24,2866382,3694403,6560785,1.29
2018-10-25,3415936,3515380,6931316,1.03
2018-10-26,3545251,4665883,8211134,1.32
2018-10-29,2511741,3184895,5696636,1.27
2018-10-30,2545522,2993079,5538601,1.18
2018-10-31,2876199,3221625,6097824,1.12
2018-11-01,2804281,2371975,5176256,0.85
2018-11-02,2945481,2725899,5671380,0.93
2018-11-05,1963555,2003275,3966830,1.02
2018-11-06,2097855,2343957,4441812,1.12
2018-11-07,3515265,3379709,6894974,0.96
2018-11-08,2315889,2255426,4571315,0.97
2018-11-09,2685866,2982875,5668741,1.11
2018-11-12,2141031,2540548,4681579,1.19
2018-11-13,2421964,2379264,4801228,0.98
2018-11-14,2512363,3075820,5588183,1.22
2018-11-15,3295636,2812063,6107699,0.85
2018-11-16,2858882,2693865,5552747,0.94
2018-11-19,2562239,2475175,5037414,0.97
2018-11-20,3501742,3230759,6732501,0.92
2018-11-21,2044745,2211329,4256074,1.08
2018-11-23,1190029,1330341,2520370,1.12
2018-11-26,2275990,2185276,4461266,0.96
2018-11-27,1911272,1761585,3672857,0.92
2018-11-28,3027223,2552898,5580121,0.84
2018-11-29,2486540,2212005,4698545,0.89
2018-11-30,3036323,2317365,5353688,0.76
2018-12-03,3214550,2456496,5671046,0.76
2018-12-04,3561693,3367543,6929236,0.95
2018-12-06,3580999,3880883,7461882,1.08
2018-12-07,2999110,3510147,6509257,1.17
2018-12-10,3013656,3215356,6229012,1.07
2018-12-11,2221664,2162513,4384177,0.97
2018-12-12,2333575,2335508,4669083,1.0
2018-12-13,1803421,2088283,3891704,1.16
2018-12-14,2536798,2884630,5421428,1.14
2018-12-17,2749829,3766378,6516207,1.37
2018-12-18,2978033,3238708,6216741,1.09
2018-12-19,2758099,3518835,6276934,1.28
2018-12-20,3009602,5489571,8499173,1.82
2018-12-21,3364864,4806236,8171100,1.43
2018-12-24,2055526,2720075,4775601,1.32
2018-12-26,3154272,3335873,6490145,1.06
2018-12-27,2520244,2421897,4942141,0.96
2018-12-28,2972405,2305574,5277979,0.78
2018-12-31,2011992,1973940,3985932,0.98
2019-01-02,2283191,2356140,4639331,1.03
2019-01-03,2138513,2796245,4934758,1.31
2019-01-04,3231796,2956419,6188215,0.91
2019-01-07,2532574,2202169,4734743,0.87
2019-01-08,2414536,2334937,4749473,0.97
2019-01-09,2498857,2325012,4823869,0.93
2019-01-10,2084999,2359397,4444396,1.13
2019-01-11,2515122,2709313,5224435,1.08
2019-01-14,1874409,1956470,3830879,1.04
2019-01-15,2408741,2472705,4881446,1.03
2019-01-16,2531008,2724527,5255535,1.08
2019-01-17,2742179,2201958,4944137,0.8
2019-01-18,3833728,3235999,7069727,0.84
2019-01-22,2377225,2220299,4597524,0.93
2019-01-23,1839737,2142678,3982415,1.16
2019-01-24,1738991,1701909,3440900,0.98
2019-01-25,2834706,2111929,4946635,0.75
2019-01-28,1921259,1903328,3824587,0.99
2019-01-29,1614213,1442078,3056291,0.89
2019-01-30,2524146,2238542,4762688,0.89
2019-01-31,3057059,2575809,5632868,0.84
2019-02-01,2321864,2635186,4957050,1.13
2019-02-04,2210136,1854380,4064516,0.84
2019-02-05,2492399,2059304,4551703,0.83
2019-02-06,2169681,2104218,4273899,0.97
2019-02-07,2470113,2450660,4920773,0.99
2019-02-08,2154209,2230680,4384889,1.04
2019-02-11,1785031,1561130,3346161,0.87
2019-02-12,2626878,2058301,4685179,0.78
2019-02-13,2350518,2375526,4726044,1.01
2019-02-14,2236010,2067647,4303657,0.92
2019-02-15,2819706,2242827,5062533,0.8
2019-02-19,2193763,1878883,4072646,0.86
2019-02-20,2405663,1894650,4300313,0.79
2019-02-21,1971065,1823852,3794917,0.93
2019-02-22,2741621,2155718,4897339,0.79
2019-02-25,2995643,2343455,5339098,0.78
2019-02-26,2051834,1754311,3806145,0.85
2019-02-27,2000731,1862729,3863460,0.93
2019-02-28,2025848,1936205,3962053,0.96
2019-03-01,2461683,2237133,4698816,0.91
2019-03-04,2882827,2874706,5757533,1.0
2019-03-05,1908352,1701766,3610118,0.89
2019-03-06,2035186,2161538,4196724,1.06
2019-03-07,2268344,2537346,4805690,1.12
2019-03-08,2638822,2546733,5185555,0.97
2019-03-11,2466524,2024383,4490907,0.82
2019-03-12,2072280,2095879,4168159,1.01
2019-03-13,3080296,2614348,5694644,0.85
2019-03-14,2310041,2101463,4411504,0.91
2019-03-15,3268245,2771279,6039524,0.85
2019-03-18,2539408,2046229,4585637,0.81
2019-03-19,2424481,2329493,4753974,0.96
2019-03-20,2484045,2204239,4688284,0.89
2019-03-21,2585631,1979034,4564665,0.77
2019-03-22,3128973,2799246,5928219,0.89
2019-03-25,2338372,2010031,4348403,0.86
2019-03-26,1770502,1562736,3333238,0.88
2019-03-27,1905732,1969335,3875067,1.03
2019-03-28,1682612,1463457,3146069,0.87
2019-03-29,2220565,1958652,4179217,0.88
2019-04-01,2412620,2016077,4428697,0.84
2019-04-02,1936163,1610529,3546692,0.83
2019-04-03,2526706,2162922,4689628,0.86
2019-04-04,1751075,1424756,3175831,0.81
2019-04-05,2333591,1916203,4249794,0.82
2019-04-08,2172333,1641190,3813523,0.76
2019-04-09,2124392,1832856,3957248,0.86
2019-04-10,1710344,1523035,3233379,0.89
2019-04-11,1746204,1720072,3466276,0.99
2019-04-12,3098764,2293205,5391969,0.74
2019-04-15,2034187,1854644,3888831,0.91
2019-04-16,2446876,2242147,4689023,0.92
2019-04-17,2837149,2288033,5125182,0.81
2019-04-18,2449297,2160682,4609979,0.88
2019-04-22,1886667,1616386,3503053,0.86
2019-04-23,2557897,2065400,4623297,0.81
2019-04-24,2046117,1784939,3831056,0.87
2019-04-25,2240456,1902992,4143448,0.85
2019-04-26,2257619,1945320,4202939,0.86
2019-04-29,2159208,1850926,4010134,0.86
2019-04-30,2164397,2260298,4424695,1.04
2019-05-01,2527005,2343465,4870470,0.93
2019-05-02,2465153,2287437,4752590,0.93
2019-05-03,2658168,2052047,4710215,0.77
2019-05-06,2408436,2520324,4928760,1.05
2019-05-07,4234669,3677764,7912433,0.87
2019-05-08,2082259,2498370,4580629,1.2
2019-05-09,2843449,3629524,6472973,1.28
2019-05-10,2643797,3266115,5909912,1.24
2019-05-13,3083882,3346577,6430459,1.09
2019-05-14,2183993,2226121,4410114,1.02
2019-05-15,2294167,2644226,4938393,1.15
2019-05-16,2772004,2837679,5609683,1.02
2019-05-17,2598474,2842980,5441454,1.09
2019-05-20,2312092,1956300,4268392,0.85
2019-05-21,2063684,2058059,4121743,1.0
2019-05-22,1987373,1858639,3846012,0.94
2019-05-23,2395569,2905135,5300704,1.21
2019-05-24,2036125,1949679,3985804,0.96
2019-05-28,1859125,1993215,3852340,1.07
2019-05-29,2577738,3637836,6215574,1.41
2019-05-30,1934032,2128404,4062436,1.1
2019-05-31,2621345,3108219,5729564,1.19
2019-06-03,2284057,2587659,4871716,1.13
2019-06-04,2245495,2148413,4393908,0.96
2019-06-05,2209070,2179809,4388879,0.99
2019-06-06,2190300,1871042,4061342,0.85
2019-06-07,3217489,2557308,5774797,0.79
2019-06-10,2580349,2023646,4603995,0.78
2019-06-11,2004038,1955658,3959696,0.98
2019-06-12,1813452,1804643,3618095,1.0
2019-06-13,1826142,1636463,3462605,0.9
2019-06-14,1945231,1877296,3822527,0.97
2019-06-17,1840340,1843463,3683803,1.0
2019-06-18,2784253,2547147,5331400,0.91
2019-06-19,2493318,2130835,4624153,0.85
2019-06-20,3667885,2797244,6465129,0.76
2019-06-21,2950738,2254708,5205446,0.76
2019-06-24,2094292,1603717,3698009,0.77
2019-06-25,2146472,2111842,4258314,0.98
2019-06-26,1937041,1764877,3701918,0.91
2019-06-27,1794076,1595318,3389394,0.89
2019-06-28,2388740,2056509,4445249,0.86
2019-07-01,2679013,2368429,5047442,0.88
2019-07-02,2073651,1836880,3910531,0.89
2019-07-03,1788490,1383938,3172428,0.77
2019-07-05,2126251,1917734,4043985,0.9
2019-07-08,2039429,1922977,3962406,0.94
2019-07-09,1735177,1630169,3365346,0.94
2019-07-10,2352559,2046266,4398825,0.87
2019-07-11,2043994,1794107,3838101,0.88
2019-07-12,2329296,2101403,4430699,0.9
2019-07-15,1824237,1751567,3575804,0.96
2019-07-16,2472095,2220105,4692200,0.9
2019-07-17,2015575,2003742,4019317,0.99
2019-07-18,2258056,2121797,4379853,0.94
2019-07-19,2501337,2727461,5228798,1.09
2019-07-22,1716980,1695176,3412156,0.99
2019-07-23,2218895,1658507,3877402,0.75
2019-07-24,2613468,1911194,4524662,0.73
2019-07-25,2190570,1680635,3871205,0.77
2019-07-26,2415262,1945079,4360341,0.81
2019-07-29,1888571,1523177,3411748,0.81
2019-07-30,1739297,1794940,3534237,1.03
2019-07-31,2615537,2577854,5193391,0.99
2019-08-01,3265561,3469468,6735029,1.06
2019-08-02,3177296,3575759,6753055,1.13
2019-08-05,3744415,4641142,8385557,1.24
2019-08-06,2496698,2749745,5246443,1.1
2019-08-07,2368034,2971926,5339960,1.26
2019-08-08,2310167,2426667,4736834,1.05
2019-08-09,2213786,2199891,4413677,0.99
2019-08-12,2022342,2346590,4368932,1.16
2019-08-13,2389166,2222536,4611702,0.93
2019-08-14,2990422,3808103,6798525,1.27
2019-08-15,2523897,2959305,5483202,1.17
2019-08-16,2691815,2963940,5655755,1.1
2019-08-19,2342839,2197016,4539855,0.94
2019-08-20,2018226,1698350,3716576,0.84
2019-08-21,2109927,2699996,4809923,1.28
2019-08-22,1831994,1702071,3534065,0.93
2019-08-23,2773561,3287713,6061274,1.19
2019-08-26,1848184,2007329,3855513,1.09
2019-08-27,2034335,1938185,3972520,0.95
2019-08-28,1938944,2292386,4231330,1.18
2019-08-29,2189941,2209941,4399882,1.01
2019-08-30,1828463,2283447,4111910,1.25
2019-09-03,1786081,1981261,3767342,1.11
2019-09-04,2028337,2027872,4056209,1.0
2019-09-05,2861825,2356789,5218614,0.82
2019-09-06,2290261,2111010,4401271,0.92
2019-09-09,2339451,2296322,4635773,0.98
2019-09-10,2303690,1932614,4236304,0.84
2019-09-11,2834988,2198442,5033430,0.78
2019-09-12,2681932,2258307,4940239,0.84
2019-09-13,2661802,2450627,5112429,0.92
2019-09-16,2053129,2452665,4505794,1.19
2019-09-17,2437446,2027344,4464790,0.83
2019-09-18,2813937,2897934,5711871,1.03
2019-09-19,2393953,2670642,5064595,1.12
2019-09-20,2544940,2684381,5229321,1.05
2019-09-23,1904221,1962814,3867035,1.03
2019-09-24,2621706,3013518,5635224,1.15
2019-09-25,2072964,2175622,4248586,1.05
2019-09-26,1675010,1747719,3422729,1.04
2019-09-27,2804773,2967872,5772645,1.06
2019-09-30,1554467,1812353,3366820,1.17
2019-10-01,2031626,2215232,4246858,1.09
2019-10-02,2830814,3591241,6422055,1.27
2019-10-03,2097645,2882751,4980396,1.37
2019-10-04,2175006,2289715,4464721,1.05
2019-10-07,1456874,1534921,2991795,1.05
2019-10-08,2024459,2042975,4067434,1.01
2019-10-09,1485876,1528717,3014593,1.03
2019-10-10,1793569,1784523,3578092,0.99
2019-10-11,3146912,2954207,6101119,0.94
2019-10-14,1719061,1982125,3701186,1.15
2019-10-15,2404579,2430997,4835576,1.01
2019-10-16,2197093,2010830,4207923,0.92
2019-10-17,2212160,2010796,4222956,0.91
2019-10-18,2393394,2726507,5119901,1.14
2019-10-21,1874419,1752638,3627057,0.94
2019-10-22,1830373,1745667,3576040,0.95
2019-10-23,1855272,1605345,3460617,0.87
2019-10-24,2079538,1614734,3694272,0.78
2019-10-25,2459422,2027933,4487355,0.82
2019-10-28,2120174,1672719,3792893,0.79
2019-10-29,2116830,1789135,3905965,0.85
2019-10-30,2360840,2292241,4653081,0.97
2019-10-31,2506758,2904060,5410818,1.16
2019-11-01,2907311,2144200,5051511,0.74
2019-11-04,3367065,2183769,5550834,0.65
2019-11-05,2293813,1960547,4254360,0.85
2019-11-06,2111640,1968039,4079679,0.93
2019-11-07,2964545,1957857,4922402,0.66
2019-11-08,2209608,2071254,4280862,0.94
2019-11-11,1872489,1697766,3570255,0.91
2019-11-12,2239910,1973569,4213479,0.88
2019-11-13,2108495,2109083,4217578,1.0
2019-11-14,2378203,2198900,4577103,0.92
2019-11-15,3173529,2664666,5838195,0.84
2019-11-18,2474914,2069328,4544242,0.84
2019-11-19,2073734,2231330,4305064,1.08
2019-11-20,2472733,2472522,4945255,1.0
2019-11-21,1717349,2081338,3798687,1.21
2019-11-22,2006140,1917112,3923252,0.96
2019-11-25,2168997,2043711,4212708,0.94
2019-11-26,1943828,2031752,3975580,1.05
2019-11-27,2148686,2027870,4176556,0.94
2019-11-29,1227956,1182411,2410367,0.96
2019-12-02,2451302,2416259,4867561,0.99
2019-12-03,2224134,2502157,4726291,1.13
2019-12-04,1811749,1767740,3579489,0.98
2019-12-05,1395287,1513342,2908629,1.08
2019-12-06,2512997,2208461,4721458,0.88
2019-12-09,1889868,1933135,3823003,1.02
2019-12-10,1794181,1754761,3548942,0.98
2019-12-11,2152740,2101299,4254039,0.98
2019-12-12,3312635,2370809,5683444,0.72
2019-12-13,2980348,3274905,6255253,1.1
2019-12-16,3331330,2889222,6220552,0.87
2019-12-17,2736829,1736425,4473254,0.63
2019-12-18,2346720,2492299,4839019,1.06
2019-12-19,2830902,2217432,5048334,0.78
2019-12-20,3294760,2607601,5902361,0.79
2019-12-23,2119968,1688761,3808729,0.8
2019-12-24,999960,801458,1801418,0.8
2019-12-26,1806265,1422695,3228960,0.79
2019-12-27,2304017,1998438,4302455,0.87
2019-12-30,2072906,1865914,3938820,0.9
2019-12-31,1920266,1835081,3755347,0.96
2020-01-02,2489657,2076903,4566560,0.83
2020-01-03,2724124,2320609,5044733,0.85
2020-01-06,2322154,1920922,4243076,0.83
2020-01-07,2253162,1874087,4127249,0.83
2020-01-08,3062921,2332557,5395478,0.76
2020-01-09,3193445,2099569,5293014,0.66
2020-01-10,2999755,2593642,5593397,0.86
2020-01-13,2909182,2214071,5123253,0.76
2020-01-14,2694541,2049092,4743633,0.76
2020-01-15,2940400,2191944,5132344,0.75
2020-01-16,3362348,2403188,5765536,0.71
2020-01-17,4126341,2725376,6851717,0.66
2020-01-21,2747608,2276073,5023681,0.83
2020-01-22,2977011,2439964,5416975,0.82
2020-01-23,2651871,2027665,4679536,0.76
2020-01-24,3323862,3667082,6990944,1.1
2020-01-27,2952841,2972306,5925147,1.01
2020-01-28,2456128,1957067,4413195,0.8
2020-01-29,2599868,2167168,4767036,0.83
2020-01-30,2562472,2206570,4769042,0.86
2020-01-31,3770271,4025707,7795978,1.07
2020-02-03,2913627,2098863,5012490,0.72
2020-02-04,2907506,2392886,5300392,0.82
2020-02-05,3008422,2829725,5838147,0.94
2020-02-06,3017865,2138322,5156187,0.71
2020-02-07,2737318,2604429,5341747,0.95
2020-02-10,2504831,2094032,4598863,0.84
2020-02-11,3217512,2322892,5540404,0.72
2020-02-12,3236890,2272198,5509088,0.7
2020-02-13,2645172,2116312,4761484,0.8
2020-02-14,2808718,2333789,5142507,0.83
2020-02-18,3334848,2604381,5939229,0.78
2020-02-19,3025910,2456517,5482427,0.81
2020-02-20,3276778,2762421,6039199,0.84
2020-02-21,3117703,3582465,6700168,1.15
2020-02-24,4420289,4830164,9250453,1.09
2020-02-25,4059385,5311204,9370589,1.31
2020-02-26,3307484,4058825,7366309,1.23
2020-02-27,4082621,5332358,9414979,1.31
2020-02-28,4421620,5630270,10051890,1.27
2020-03-02,3041390,3911421,6952811,1.29
2020-03-03,3776836,3018461,6795297,0.8
2020-03-04,2899504,3638704,6538208,1.25
2020-03-05,3608907,3159294,6768201,0.88
2020-03-06,4373771,5158320,9532091,1.18
2020-03-09,2977650,5446851,8424501,1.83
2020-03-10,3088424,3670541,6758965,1.19
2020-03-11,3133495,4253234,7386729,1.36
2020-03-12,3781589,5506916,9288505,1.46
2020-03-13,4086565,5209749,9296314,1.27
2020-03-16,2933865,3751361,6685226,1.28
2020-03-17,3332360,3381433,6713793,1.01
2020-03-18,3087377,4120286,7207663,1.33
2020-03-19,2729926,3045043,5774969,1.12
2020-03-20,2820379,3460418,6280797,1.23
2020-03-23,2799891,3038055,5837946,1.09
2020-03-24,3194702,2824119,6018821,0.88
2020-03-25,3102706,2949215,6051921,0.95
2020-03-26,2780604,2703289,5483893,0.97
2020-03-27,2594627,2771738,5366365,1.07
2020-03-30,2219519,2383060,4602579,1.07
2020-03-31,2324304,2647356,4971660,1.14
2020-04-01,2273980,2707125,4981105,1.19
2020-04-02,2016964,2440960,4457924,1.21
2020-04-03,2570971,2787754,5358725,1.08
2020-04-06,2839558,2752265,5591823,0.97
2020-04-07,2863150,2729147,5592297,0.95
2020-04-08,2413012,2405331,4818343,1.0
2020-04-09,3242059,3181499,6423558,0.98
2020-04-13,2222994,2031334,4254328,0.91
2020-04-14,2765161,2740867,5506028,0.99
2020-04-15,2576475,2550706,5127181,0.99
2020-04-16,2538955,2300118,4839073,0.91
2020-04-17,2943229,2695903,5639132,0.92
2020-04-20,2412160,2239970,4652130,0.93
2020-04-21,2180391,2366437,4546828,1.09
2020-04-22,2199947,1994791,4194738,0.91
2020-04-23,2359829,2052960,4412789,0.87
2020-04-24,2419487,2473973,4893460,1.02
2020-04-27,2317304,2431116,4748420,1.05
2020-04-28,2142987,2060110,4203097,0.96
2020-04-29,2925326,2997589,5922915,1.02
2020-04-30,2566714,2476718,5043432,0.96
2020-05-01,2648181,3115328,5763509,1.18
2020-05-04,2047026,1978318,4025344,0.97
2020-05-05,2233992,1992764,4226756,0.89
2020-05-06,2180231,1844203,4024434,0.85
2020-05-07,2416761,1995387,4412148,0.83
2020-05-08,2879914,2484385,5364299,0.86
2020-05-11,2431545,2081833,4513378,0.86
2020-05-12,2651184,2327416,4978600,0.88
2020-05-13,3142430,3674455,6816885,1.17
2020-05-14,2720021,2599728,5319749,0.96
2020-05-15,3273088,2627348,5900436,0.8
2020-05-18,3376638,2423439,5800077,0.72
2020-05-19,2771571,1982605,4754176,0.72
2020-05-20,2775599,2257987,5033586,0.81
2020-05-21,2185404,1844183,4029587,0.84
2020-05-22,2450940,2020977,4471917,0.82
2020-05-26,3013256,2430376,5443632,0.81
2020-05-27,2980203,2550779,5530982,0.86
2020-05-28,2729604,2331564,5061168,0.85
2020-05-29,2806628,2573539,5380167,0.92
2020-06-01,2194623,1826340,4020963,0.83
2020-06-02,2535805,2010139,4545944,0.79
2020-06-03,3937166,2722484,6659650,0.69
2020-06-04,3270342,2425062,5695404,0.74
2020-06-05,5351126,3488365,8839491,0.65
2020-06-08,4071529,2440592,6512121,0.6
2020-06-09,3235650,2255356,5491006,0.7
2020-06-10,3506543,2440869,5947412,0.7
2020-06-11,4299681,4321819,8621500,1.01
2020-06-12,4029034,3953756,7982790,0.98
2020-06-15,3022527,2649655,5672182,0.88
2020-06-16,2916430,2225758,5142188,0.76
2020-06-17,2681707,2071897,4753604,0.77
2020-06-18,2178916,1903812,4082728,0.87
2020-06-19,3364095,3062596,6426691,0.91
2020-06-22,2583610,2037579,4621189,0.79
2020-06-23,2214756,1715844,3930600,0.77
2020-06-24,2662020,2642950,5304970,0.99
2020-06-25,2175340,1940678,4116018,0.89
2020-06-26,2597073,2780114,5377187,1.07
2020-06-29,2120100,2047666,4167766,0.97
2020-06-30,2667332,2346933,5014265,0.88
2020-07-01,2290121,1911664,4201785,0.83
2020-07-02,2598275,2259939,4858214,0.87
2020-07-06,2561797,1864316,4426113,0.73
2020-07-07,2106563,1743706,3850269,0.83
2020-07-08,2430024,1856055,4286079,0.76
2020-07-09,2537165,1961890,4499055,0.77
2020-07-10,2701755,2242426,4944181,0.83
2020-07-13,3387726,2606417,5994143,0.77
2020-07-14,2490189,2110539,4600728,0.85
2020-07-15,3198446,1999551,5197997,0.63
2020-07-16,2476413,1792194,4268607,0.72
2020-07-17,3210165,2362729,5572894,0.74
2020-07-20,2750933,2130290,4881223,0.77
2020-07-21,2844467,2012526,4856993,0.71
2020-07-22,2445540,1834161,4279701,0.75
2020-07-23,2797917,2176436,4974353,0.78
2020-07-24,2656555,2409960,5066515,0.91
2020-07-27,2462841,1559718,4022559,0.63
2020-07-28,1977263,1639387,3616650,0.83
2020-07-29,2358115,1718235,4076350,0.73
2020-07-30,2381627,1823299,4204926,0.77
2020-07-31,3047295,2507065,5554360,0.82
2020-08-03,2933059,1963340,4896399,0.67
2020-08-04,2703894,1998381,4702275,0.74
2020-08-05,3193130,2136082,5329212,0.67
2020-08-06,3062290,1870337,4932627,0.61
2020-08-07,3355684,2447169,5802853,0.73
2020-08-10,2894087,1925553,4819640,0.67
2020-08-11,3150113,2208562,5358675,0.7
2020-08-12,2542341,1968805,4511146,0.77
2020-08-13,2518227,1715809,4234036,0.68
2020-08-14,2589881,2014333,4604214,0.78
2020-08-17,2352490,1781917,4134407,0.76
2020-08-18,2497240,1761837,4259077,0.71
2020-08-19,2755479,2082879,4838358,0.76
2020-08-20,2560101,1917493,4477594,0.75
2020-08-21,3065502,2124620,5190122,0.69
2020-08-24,2550688,1884684,4435372,0.74
2020-08-25,2481394,1538498,4019892,0.62
2020-08-26,3106973,2010524,5117497,0.65
2020-08-27,3102153,1934244,5036397,0.62
2020-08-28,2920908,2069838,4990746,0.71
2020-08-31,2693307,2097005,4790312,0.78
2020-09-01,2783566,1722490,4506056,0.62
2020-09-02,3409745,2531721,5941466,0.74
2020-09-03,3638596,3455586,7094182,0.95
2020-09-04,3418879,3520101,6938980,1.03
2020-09-08,2782953,2456078,5239031,0.88
2020-09-09,2592268,2238260,4830528,0.86
2020-09-10,2494347,2031181,4525528,0.81
2020-09-11,2793313,2805700,5599013,1.0
2020-09-14,2523444,2083304,4606748,0.83
2020-09-15,2501021,1723260,4224281,0.69
2020-09-16,2670333,2155753,4826086,0.81
2020-09-17,2522410,2411100,4933510,0.96
2020-09-18,3102839,2910434,6013273,0.94
2020-09-21,2775177,2616183,5391360,0.94
2020-09-22,2044119,1769918,3814037,0.87
2020-09-23,2714294,2417817,5132111,0.89
2020-09-24,2149790,2150519,4300309,1.0
2020-09-25,2497183,2202347,4699530,0.88
2020-09-28,2165028,1675779,3840807,0.77
2020-09-29,1877697,1493245,3370942,0.8
2020-09-30,2650280,2186739,4837019,0.83
2020-10-01,2422910,1900731,4323641,0.78
2020-10-02,2542676,2285803,4828479,0.9
2020-10-05,2344289,1841579,4185868,0.79
2020-10-06,2572789,2170085,4742874,0.84
2020-10-07,2319575,1770101,4089676,0.76
2020-10-08,2428558,1936445,4365003,0.8
2020-10-09,3154857,2695728,5850585,0.85
2020-10-12,3236278,2126123,5362401,0.66
2020-10-13,2469013,1859807,4328820,0.75
2020-10-14,2792313,1993834,4786147,0.71
2020-10-15,2750656,2072612,4823268,0.75
2020-10-16,3118925,2655494,5774419,0.85
2020-10-19,2714875,2127713,4842588,0.78
2020-10-20,2250402,1842700,4093102,0.82
2020-10-21,2367120,2059643,4426763,0.87
2020-10-22,2344623,1872323,4216946,0.8
2020-10-23,2382637,1998342,4380979,0.84
2020-10-26,2518657,2789755,5308412,1.11
2020-10-27,2028294,1613654,3641948,0.8
2020-10-28,2977205,3305980,6283185,1.11
2020-10-29,2682818,2423433,5106251,0.9
2020-10-30,3235673,3343702,6579375,1.03
2020-11-02,2359445,2321860,4681305,0.98
2020-11-03,2501450,2584992,5086442,1.03
2020-11-04,3042313,2971591,6013904,0.98
2020-11-05,3056481,2457017,5513498,0.8
2020-11-06,3137694,2676367,5814061,0.85
2020-11-09,4519381,3340961,7860342,0.74
2020-11-10,2921745,2472802,5394547,0.85
2020-11-11,2479689,2519271,4998960,1.02
2020-11-12,2615776,2439980,5055756,0.93
2020-11-13,3156163,2544295,5700458,0.81
2020-11-16,3414869,2492127,5906996,0.73
2020-11-17,2886262,2496881,5383143,0.87
2020-11-18,3350563,2442548,5793111,0.73
2020-11-19,3072196,2323890,5396086,0.76
2020-11-20,3422182,2415066,5837248,0.71
2020-11-23,3607193,2327469,5934662,0.65
2020-11-24,3771784,2415092,6186876,0.64
2020-11-25,2850493,2039090,4889583,0.72
2020-11-27,2220989,1632600,3853589,0.74
2020-11-30,3200247,2554065,5754312,0.8
2020-12-01,3462114,2239004,5701118,0.65
2020-12-02,3160501,2144152,5304653,0.68
2020-12-03,3113516,2019415,5132931,0.65
2020-12-04,3557377,2416036,5973413,0.68
2020-12-07,3076974,2004513,5081487,0.65
2020-12-08,2822794,1848479,4671273,0.65
2020-12-09,3387087,2836861,6223948,0.84
2020-12-10,2662262,1875650,4537912,0.7
2020-12-11,3124687,3023481,6148168,0.97
2020-12-14,3122380,2528790,5651170,0.81
2020-12-15,2908909,2651088,5559997,0.91
2020-12-16,2762084,2128762,4890846,0.77
2020-12-17,2986293,2070989,5057282,0.69
2020-12-18,3644829,2727372,6372201,0.75
2020-12-21,3329987,2530669,5860656,0.76
2020-12-22,2819159,1688098,4507257,0.6
2020-12-23,2726210,2124096,4850306,0.78
2020-12-24,1671871,1344077,3015948,0.8
2020-12-28,2765205,1978975,4744180,0.72
2020-12-29,2519060,1969834,4488894,0.78
2020-12-30,2345514,1902066,4247580,0.81
2020-12-31,3109073,2665133,5774206,0.86
2021-01-04,3682096,3182654,6864750,0.86
2021-01-05,3206371,2343556,5549927,0.73
2021-01-06,4374985,3414197,7789182,0.78
2021-01-07,3510380,2375903,5886283,0.68
2021-01-08,4194651,3069743,7264394,0.73
2021-01-11,3300290,2605917,5906207,0.79
2021-01-12,3390635,2349917,5740552,0.69
2021-01-13,3717820,3145358,6863178,0.85
2021-01-14,4227871,2786403,7014274,0.66
2021-01-15,4416093,3552629,7968722,0.8
2021-01-19,3757762,2579153,6336915,0.69
2021-01-20,3962292,2821203,6783495,0.71
2021-01-21,3363699,2500491,5864190,0.74
2021-01-22,3870675,2446151,6316826,0.63
2021-01-25,4215516,3051553,7267069,0.72
2021-01-26,3112421,2221363,5333784,0.71
2021-01-27,5102011,3723903,8825914,0.73
2021-01-28,4222565,3151752,7374317,0.75
2021-01-29,4207511,3911309,8118820,0.93
2021-02-01,3862844,2973781,6836625,0.77
2021-02-02,3562583,2768004,6330587,0.78
2021-02-03,3258887,2773476,6032363,0.85
2021-02-04,3391815,2487260,5879075,0.73
2021-02-05,3697438,2782080,6479518,0.75
2021-02-08,3560677,2459423,6020100,0.69
2021-02-09,3591324,2398216,5989540,0.67
2021-02-10,3574883,2698616,6273499,0.75
2021-02-11,3690726,2733375,6424101,0.74
2021-02-12,4005090,3275628,7280718,0.82
2021-02-16,4089463,3168996,7258459,0.77
2021-02-17,3852365,2745524,6597889,0.71
2021-02-18,3230663,2655588,5886251,0.82
2021-02-19,4296571,3202063,7498634,0.75
2021-02-22,3882303,2560016,6442319,0.66
2021-02-23,3637677,2760344,6398021,0.76
2021-02-24,3776156,2625903,6402059,0.7
2021-02-25,3967022,3192445,7159467,0.8
2021-02-26,3925165,3626302,7551467,0.92
2021-03-01,3097633,2990243,6087876,0.97
2021-03-02,2606155,2006743,4612898,0.77
2021-03-03,3208784,2660637,5869421,0.83
2021-03-04,4096407,3652745,7749152,0.89
2021-03-05,3858630,3678221,7536851,0.95
2021-03-08,3112151,2453147,5565298,0.79
2021-03-09,2837696,2622901,5460597,0.92
2021-03-10,3102932,2235369,5338301,0.72
2021-03-11,3297112,2423593,5720705,0.74
2021-03-12,3330427,2568559,5898986,0.77
2021-03-15,3416891,2575973,5992864,0.75
2021-03-16,3036281,2717121,5753402,0.89
2021-03-17,3087727,2262377,5350104,0.73
2021-03-18,3278445,2450172,5728617,0.75
2021-03-19,3417614,2817026,6234640,0.82
2021-03-22,2847842,2056791,4904633,0.72
2021-03-23,2805778,2285897,5091675,0.81
2021-03-24,3087163,2745011,5832174,0.89
2021-03-25,3272002,2870729,6142731,0.88
2021-03-26,3645646,3233570,6879216,0.89
2021-03-29,2920163,2483321,5403484,0.85
2021-03-30,2533935,1953076,4487011,0.77
2021-03-31,3491988,2599332,6091320,0.74
2021-04-01,3708482,2665873,6374355,0.72
2021-04-05,3734529,2584350,6318879,0.69
2021-04-06,2850680,1907680,4758360,0.67
2021-04-07,2780476,2219571,5000047,0.8
2021-04-08,3081781,2220773,5302554,0.72
2021-04-09,3375721,2546976,5922697,0.75
2021-04-12,2908465,2125608,5034073,0.73
2021-04-13,3068390,2112122,5180512,0.69
2021-04-14,3207832,2505501,5713333,0.78
2021-04-15,3258939,2487986,5746925,0.76
2021-04-16,3743712,2866828,6610540,0.77
2021-04-19,2988276,2512450,5500726,0.84
2021-04-20,3030104,2408677,5438781,0.79
2021-04-21,2777118,1977942,4755060,0.71
2021-04-22,2940246,2337231,5277477,0.79
2021-04-23,3163082,2524243,5687325,0.8
2021-04-26,2670769,1746053,4416822,0.65
2021-04-27,2278200,1589172,3867372,0.7
2021-04-28,2577772,2082719,4660491,0.81
2021-04-29,2967602,2101754,5069356,0.71
2021-04-30,2657547,2534494,5192041,0.95
2021-05-03,2568017,1931113,4499130,0.75
2021-05-04,2922433,2511582,5434015,0.86
2021-05-05,2444214,2150455,4594669,0.88
2021-05-06,2623102,2294936,4918038,0.87
2021-05-07,3273546,2805639,6079185,0.86
2021-05-10,3072663,2778333,5850996,0.9
2021-05-11,3152264,3107229,6259493,0.99
2021-05-12,3744322,3660033,7404355,0.98
2021-05-13,2855471,2862963,5718434,1.0
2021-05-14,3404115,3063867,6467982,0.9
2021-05-17,2647420,2435064,5082484,0.92
2021-05-18,2606508,2209779,4816287,0.85
2021-05-19,2903687,3113736,6017423,1.07
2021-05-20,2794432,2333735,5128167,0.84
2021-05-21,3289311,2786446,6075757,0.85
2021-05-24,3015797,2297038,5312835,0.76
2021-05-25,2361630,1941400,4303030,0.82
2021-05-26,2933546,2215315,5148861,0.76
2021-05-27,3188857,2267072,5455929,0.71
2021-05-28,3505641,2571891,6077532,0.73
2021-06-01,3234149,2144304,5378453,0.66
2021-06-02,3209038,2221416,5430454,0.69
2021-06-03,3320555,2231787,5552342,0.67
2021-06-04,3537566,2987016,6524582,0.84
2021-06-07,2876895,1967865,4844760,0.68
2021-06-08,3053929,1988447,5042376,0.65
2021-06-09,3308839,2157850,5466689,0.65
2021-06-10,3296426,2577512,5873938,0.78
2021-06-11,3551090,3006188,6557278,0.85
2021-06-14,3449678,2460194,5909872,0.71
2021-06-15,2844368,2024013,4868381,0.71
2021-06-16,3048773,2952958,6001731,0.97
2021-06-17,3662821,3086086,6748907,0.84
2021-06-18,4227949,3817544,8045493,0.9
2021-06-21,3314990,2636924,5951914,0.8
2021-06-22,2756993,2152952,4909945,0.78
2021-06-23,3109746,2164049,5273795,0.7
2021-06-24,3384958,2308357,5693315,0.68
2021-06-25,3655467,2695381,6350848,0.74
2021-06-28,3213925,2426886,5640811,0.76
2021-06-29,2909789,1916060,4825849,0.66
2021-06-30,3233488,2402718,5636206,0.74
2021-07-01,3584648,2343845,5928493,0.65
2021-07-02,3639390,2846041,6485431,0.78
2021-07-06,3587137,3187044,6774181,0.89
2021-07-07,3182829,2655997,5838826,0.83
2021-07-08,3183787,2729592,5913379,0.86
2021-07-09,3342216,2896480,6238696,0.87
2021-07-12,2852547,2502410,5354957,0.88
2021-07-13,3035618,2470317,5505935,0.81
2021-07-14,3385957,2738765,6124722,0.81
2021-07-15,3218977,2880354,6099331,0.89
2021-07-16,3794487,3724583,7519070,0.98
2021-07-19,4478746,4379920,8858666,0.98
2021-07-20,3106713,2410294,5517007,0.78
2021-07-21,2643343,2275340,4918683,0.86
2021-07-22,2133943,1846165,3980108,0.87
2021-07-23,3231330,2848186,6079516,0.88
2021-07-26,2481085,2135332,4616417,0.86
2021-07-27,2312936,2309292,4622228,1.0
2021-07-28,2566075,2043528,4609603,0.8
2021-07-29,3052996,2049829,5102825,0.67
2021-07-30,3693450,3060593,6754043,0.83
2021-08-02,2691366,2406164,5097530,0.89
2021-08-03,2641497,2018366,4659863,0.76
2021-08-04,2582289,2164567,4746856,0.84
2021-08-05,2519792,2066188,4585980,0.82
2021-08-06,3008063,2843001,5851064,0.95
2021-08-09,2717720,2336942,5054662,0.86
2021-08-10,2651666,1920097,4571763,0.72
2021-08-12,2852830,2521442,5374272,0.88
2021-08-13,2986071,2789457,5775528,0.93
2021-08-16,3165258,2756380,5921638,0.87
2021-08-17,3333546,3054778,6388324,0.92
2021-08-18,3221091,2918036,6139127,0.91
2021-08-19,3441593,3563114,7004707,1.04
2021-08-20,3428996,3111873,6540869,0.91
2021-08-23,3374755,2632296,6007051,0.78
2021-08-24,2835521,1950980,4786501,0.69
2021-08-25,2761194,2201416,4962610,0.8
2021-08-26,3071066,2642701,5713767,0.86
2021-08-27,3285908,2880452,6166360,0.88
2021-08-30,3248185,2507525,5755710,0.77
2021-08-31,2559854,2269912,4829766,0.89
2021-09-01,3075767,2494599,5570366,0.81
2021-09-02,3059125,2077757,5136882,0.68
2021-09-03,3045844,2701638,5747482,0.89
2021-09-07,3073537,2681244,5754781,0.87
2021-09-08,3148116,2708582,5856698,0.86
2021-09-09,2908799,2371460,5280259,0.82
2021-09-10,3628519,3584149,7212668,0.99
2021-09-13,3665396,3342532,7007928,0.91
2021-09-14,3255757,2930470,6186227,0.9
2021-09-15,3558533,3031638,6590171,0.85
2021-09-16,2906804,2450635,5357439,0.84
2021-09-17,4095752,3772461,7868213,0.92
2021-09-20,4201777,4530018,8731795,1.08
2021-09-21,2766489,2449066,5215555,0.89
2021-09-22,2937434,2865626,5803060,0.98
2021-09-23,3544535,2795252,6339787,0.79
2021-09-24,2945032,2945080,5890112,1.0
2021-09-27,3015443,2458823,5474266,0.82
2021-09-28,3218056,3480280,6698336,1.08
2021-09-29,2865825,2675793,5541618,0.93
2021-09-30,3307446,3549022,6856468,1.07
2021-10-01,3599742,3366095,6965837,0.94
2021-10-04,3107322,3026483,6133805,0.97
2021-10-05,2733839,2341481,5075320,0.86
2021-10-06,3222831,3205642,6428473,0.99
2021-10-07,2951652,2810348,5762000,0.95
2021-10-08,2955262,3063617,6018879,1.04
2021-10-11,2760033,2683868,5443901,0.97
2021-10-12,2620863,2099011,4719874,0.8
2021-10-13,3036362,2715149,5751511,0.89
2021-10-14,3491045,2910609,6401654,0.83
2021-10-15,4269813,3683187,7953000,0.86
2021-10-18,3684235,2804539,6488774,0.76
2021-10-19,3535022,2684519,6219541,0.76
2021-10-20,3389785,2634432,6024217,0.78
2021-10-21,2865471,2132489,4997960,0.74
2021-10-22,3575434,2979190,6554624,0.83
2021-10-25,3353272,2388187,5741459,0.71
2021-10-26,3565787,2964587,6530374,0.83
2021-10-27,3283218,2804191,6087409,0.85
2021-10-28,3257351,2158438,5415789,0.66
2021-10-29,3810023,3301581,7111604,0.87
2021-11-01,3480844,2652211,6133055,0.76
2021-11-02,3116160,2216732,5332892,0.71
2021-11-03,3848329,2661016,6509345,0.69
2021-11-04,4373490,3001748,7375238,0.69
2021-11-05,4942025,3837842,8779867,0.78
2021-11-08,3863375,2559707,6423082,0.66
2021-11-09,3426782,2516639,5943421,0.73
2021-11-10,3833102,3329858,7162960,0.87
2021-11-11,2881679,2115218,4996897,0.73
2021-11-12,4085806,3060696,7146502,0.75
2021-11-15,3338486,2619735,5958221,0.78
2021-11-16,3301077,2603111,5904188,0.79
2021-11-17,3401366,2711969,6113335,0.8
2021-11-18,3981689,2767526,6749215,0.7
2021-11-19,4648861,3546218,8195079,0.76
2021-11-22,4402175,3401098,7803273,0.77
2021-11-23,3386582,2833817,6220399,0.84
2021-11-24,2997855,2699559,5697414,0.9
2021-11-26,3724103,3415312,7139415,0.92
2021-11-29,3570187,3119033,6689220,0.87
2021-11-30,3999621,3756239,7755860,0.94
2021-12-01,4181956,4134656,8316612,0.99
2021-12-02,3059421,3318319,6377740,1.08
2021-12-03,4373547,5022231,9395778,1.15
2021-12-06,3360275,3406913,6767188,1.01
2021-12-07,3407123,3226652,6633775,0.95
2021-12-08,2983863,2640005,5623868,0.88
2021-12-09,2735920,2477019,5212939,0.91
2021-12-10,3107427,3343485,6450912,1.08
2021-12-13,2899718,2835004,5734722,0.98
2021-12-14,2676584,2596354,5272938,0.97
2021-12-15,3320113,3066740,6386853,0.92
2021-12-16,3457172,2960354,6417526,0.86
2021-12-17,3917044,3402106,7319150,0.87
2021-12-20,3445029,2911883,6356912,0.85
2021-12-21,3329846,2904050,6233896,0.87
2021-12-22,3056639,2500534,5557173,0.82
2021-12-23,3445239,2738027,6183266,0.79
2021-12-27,3175904,2502320,5678224,0.79
2021-12-28,2802598,2047646,4850244,0.73
2021-12-29,2532652,2331989,4864641,0.92
2021-12-30,2918548,2435293,5353841,0.83
2021-12-31,3288021,2651121,5939142,0.81
2022-01-03,3278340,2491539,5769879,0.76
2022-01-04,3039708,2426611,5466319,0.8
2022-01-05,3364418,3524453,6888871,1.05
2022-01-06,2756291,2668750,5425041,0.97
2022-01-07,3039551,2882210,5921761,0.95
2022-01-10,3356592,3362661,6719253,1.0
2022-01-11,2872274,2194512,5066786,0.76
2022-01-12,3119836,2586209,5706045,0.83
2022-01-13,2885189,2776912,5662101,0.96
2022-01-14,3027317,3291764,6319081,1.09
2022-01-18,3471703,3461250,6932953,1.0
2022-01-19,3397111,3106440,6503551,0.91
2022-01-20,3485820,3461849,6947669,0.99
2022-01-21,4619679,5835060,10454739,1.26
2022-01-24,4889782,5726610,10616392,1.17
2022-01-25,3501516,3104235,6605751,0.89
2022-01-26,3660524,3668840,7329364,1.0
2022-01-27,3054959,3252356,6307315,1.06
2022-01-28,3881007,3997351,7878358,1.03
2022-01-31,3291780,3479073,6770853,1.06
2022-02-01,2754570,2607552,5362122,0.95
2022-02-02,3006168,2924853,5931021,0.97
2022-02-03,2599817,2845982,5445799,1.09
2022-02-04,3274837,3108617,6383454,0.95
2022-02-07,2760270,2571231,5331501,0.93
2022-02-08,2539303,2515572,5054875,0.99
2022-02-09,3441652,3135707,6577359,0.91
2022-02-10,3516474,3110443,6626917,0.88
2022-02-11,3799606,4270689,8070295,1.12
2022-02-14,3141496,3426175,6567671,1.09
2022-02-15,2820520,2609570,5430090,0.93
2022-02-16,2820520,2609570,5430090,0.93
2022-02-17,2900068,3028941,5929009,1.04
2022-02-18,3379054,3784607,7163661,1.12
2022-02-21,3379054,3784607,7163661,1.12
2022-02-22,3379054,3784607,7163661,1.12
2022-02-23,3288558,3143465,6432023,0.96
2022-02-24,3288558,3143465,6432023,0.96
2022-02-25,3888013,3773855,7661868,0.97
2022-02-28,3068931,2901451,5970382,0.95
2022-03-01,3167546,2831412,5998958,0.89
2022-03-02,2974210,2824342,5798552,0.95
2022-03-03,2853859,2674066,5527925,0.94
2022-03-04,3598570,3433611,7032181,0.95
